0 0.67421875 0.353125 0.12890625 0.1078125
0 0.52578125 0.3890625 0.1640625 0.16015625
0 0.5203125 0.32265625 0.175 0.11484375
0 0.68046875 0.4953125 0.171875 0.15625
0 0.47890625 0.46640625 0.2265625 0.128125
0 0.40390625 0.53046875 0.0890625 0.09453125
0 0.365625 0.50078125 0.01953125 0.03359375
0 0.50546875 0.6015625 0.19453125 0.1578125
0 0.67734375 0.66015625 0.16171875 0.109375
0 0.63828125 0.7015625 0.071875 0.08515625
0 0.65859375 0.815625 0.1421875 0.1203125
0 0.6984375 0.746875 0.06484375 0.03828125
0 0.48671875 0.8828125 0.2015625 0.13671875
0 0.54609375 0.8078125 0.08046875 0.05078125
0 0.45703125 0.7734375 0.16171875 0.16875
0 0.35625 0.840625 0.034375 0.03046875
0 0.29765625 0.76015625 0.12734375 0.19453125
0 0.28671875 0.58515625 0.16171875 0.18046875
0 0.23984375 0.59296875 0.10390625 0.16328125
0 0.278125 0.45703125 0.15390625 0.134375
0 0.290625 0.390625 0.13515625 0.2203125
0 0.30234375 0.3 0.10859375 0.096875
0 0.30390625 0.2671875 0.096875 0.11484375
0 0.4171875 0.3375 0.1109375 0.11796875
0 0.4015625 0.37578125 0.0828125 0.06640625