0 0.3109375 0.65625 0.18828125 0.1421875
0 0.5203125 0.35625 0.21796875 0.1625
0 0.5328125 0.640625 0.175 0.13125
0 0.309375 0.50703125 0.1921875 0.14140625
0 0.52109375 0.50859375 0.20234375 0.11484375
0 0.3234375 0.37109375 0.1546875 0.1203125
0 0.4578125 0.8015625 0.12734375 0.11484375
0 0.31484375 0.8203125 0.175 0.15859375
0 0.70234375 0.62421875 0.153125 0.1390625
0 0.64296875 0.8109375 0.1 0.1171875
0 0.69140625 0.8546875 0.1203125 0.12890625
0 0.3265625 0.4953125 0.1671875 0.1171875
0 0.66328125 0.3859375 0.0890625 0.1078125