0 0.325 0.34140625 0.1796875 0.1328125
0 0.3109375 0.4390625 0.17890625 0.1265625
0 0.309375 0.6078125 0.20546875 0.17734375
0 0.31328125 0.80234375 0.16484375 0.11484375
0 0.303125 0.73359375 0.1890625 0.11015625
0 0.4890625 0.784375 0.17578125 0.13125
0 0.71171875 0.3046875 0.1921875 0.1546875
0 0.5328125 0.28671875 0.16171875 0.15859375
0 0.5171875 0.51328125 0.178125 0.1484375
0 0.7078125 0.48984375 0.18671875 0.1703125
0 0.72421875 0.646875 0.203125 0.13359375
0 0.528125 0.6265625 0.20234375 0.12265625
0 0.6265625 0.8328125 0.06953125 0.0796875
0 0.7171875 0.7765625 0.1640625 0.1609375