0 0.309375 0.3671875 0.20546875 0.12890625
0 0.37578125 0.3515625 0.07890625 0.11484375
0 0.27421875 0.55625 0.22109375 0.1078125
0 0.321875 0.5109375 0.165625 0.1125
0 0.27578125 0.7078125 0.2203125 0.1296875
0 0.28203125 0.8328125 0.2171875 0.1546875
0 0.48671875 0.91015625 0.21015625 0.12734375
0 0.72265625 0.72421875 0.2203125 0.1390625
0 0.5421875 0.615625 0.14140625 0.19609375
0 0.41640625 0.64375 0.06640625 0.15234375
0 0.45234375 0.5140625 0.0984375 0.10234375
0 0.65234375 0.42578125 0.06171875 0.07109375
0 0.54453125 0.36875 0.14453125 0.1421875
0 0.6515625 0.55234375 0.0734375 0.0796875
0 0.52890625 0.4828125 0.17734375 0.125
0 0.7265625 0.4203125 0.15234375 0.13359375
0 0.72890625 0.55 0.10390625 0.1
0 0.56484375 0.796875 0.1359375 0.16640625