0 0.278125 0.375 0.22265625 0.1203125
0 0.2984375 0.51953125 0.1984375 0.09375
0 0.27578125 0.7671875 0.2390625 0.19765625
0 0.33359375 0.615625 0.1328125 0.13359375
0 0.49765625 0.8078125 0.2078125 0.16875
0 0.51328125 0.2390625 0.2265625 0.26484375
0 0.721875 0.2875 0.19765625 0.1421875
0 0.528125 0.4015625 0.17890625 0.2078125
0 0.72578125 0.44296875 0.20859375 0.1859375
0 0.50546875 0.5671875 0.2171875 0.2578125
0 0.72734375 0.62265625 0.20546875 0.1453125
0 0.71171875 0.7984375 0.234375 0.1375