0 0.25 0.315625 0.23828125 0.11640625
0 0.309375 0.465625 0.19296875 0.1265625
0 0.265625 0.646875 0.2609375 0.1515625
0 0.31796875 0.5984375 0.16015625 0.1984375
0 0.259375 0.8125 0.2359375 0.1625
0 0.49140625 0.6140625 0.228125 0.1796875
0 0.46328125 0.8234375 0.18984375 0.19140625
0 0.503125 0.42265625 0.20546875 0.20234375
0 0.47109375 0.22421875 0.18046875 0.1859375
0 0.7015625 0.38125 0.184375 0.1921875
0 0.7046875 0.56640625 0.1984375 0.1453125
0 0.7359375 0.7109375 0.24609375 0.1203125
0 0.71171875 0.8578125 0.23203125 0.1421875