0 0.38515625 0.48046875 0.1125 0.0828125
0 0.39140625 0.52421875 0.09375 0.065625
0 0.48515625 0.45625 0.08671875 0.09609375
0 0.5546875 0.45078125 0.0953125 0.11015625
0 0.5703125 0.51484375 0.04765625 0.02890625
0 0.546875 0.48515625 0.05390625 0.04765625
0 0.65234375 0.46875 0.10546875 0.1
0 0.64375 0.51796875 0.084375 0.0484375
0 0.66015625 0.60078125 0.11015625 0.08203125
0 0.65703125 0.6453125 0.075 0.02890625
0 0.56171875 0.58125 0.08359375 0.0859375
0 0.496875 0.61328125 0.1109375 0.08046875
0 0.48828125 0.5703125 0.0765625 0.05625
0 0.39140625 0.61015625 0.10390625 0.09140625
0 0.38203125 0.72265625 0.10625 0.08671875
0 0.4578125 0.725 0.04609375 0.0609375
0 0.48515625 0.725 0.07109375 0.0859375
0 0.56171875 0.72109375 0.08046875 0.0703125
0 0.58125 0.74453125 0.0625 0.065625
0 0.66328125 0.740625 0.1046875 0.09140625
0 0.66640625 0.6984375 0.07109375 0.03359375
0 0.6640625 0.8171875 0.11640625 0.10078125
0 0.66953125 0.85078125 0.08671875 0.05859375
0 0.5671875 0.84765625 0.078125 0.0953125
0 0.475 0.83203125 0.0734375 0.08515625
0 0.4921875 0.8609375 0.0859375 0.078125
0 0.38671875 0.8203125 0.1078125 0.11171875