0 0.35703125 0.43046875 0.103125 0.10625
0 0.45703125 0.43984375 0.090625 0.1171875
0 0.60390625 0.4609375 0.096875 0.0578125
0 0.5140625 0.475 0.096875 0.0796875
0 0.34609375 0.58515625 0.09453125 0.075
0 0.44609375 0.5515625 0.0734375 0.0828125
0 0.53515625 0.5609375 0.0921875 0.08515625
0 0.6140625 0.5875 0.06015625 0.0703125
0 0.40078125 0.6125 0.0609375 0.1125
0 0.35078125 0.6953125 0.0890625 0.08359375
0 0.4390625 0.7015625 0.07109375 0.07265625
0 0.53125 0.709375 0.0828125 0.09140625
0 0.61796875 0.68828125 0.08828125 0.0984375
0 0.3359375 0.81328125 0.11171875 0.0984375
0 0.440625 0.81875 0.0890625 0.0875
0 0.5265625 0.815625 0.07109375 0.0984375
0 0.62109375 0.81875 0.1015625 0.1046875