0 0.46875 0.4375 0.06328125 0.1203125
0 0.38046875 0.46171875 0.125 0.096875
0 0.503125 0.465625 0.10234375 0.08828125
0 0.54609375 0.48125 0.103125 0.06953125
0 0.390625 0.55390625 0.11875 0.10546875
0 0.4890625 0.578125 0.078125 0.0890625
0 0.53046875 0.58359375 0.03984375 0.06640625
0 0.5625 0.54375 0.0890625 0.10625
0 0.5796875 0.6125 0.04140625 0.04921875
0 0.61953125 0.61484375 0.03046875 0.03671875
0 0.6453125 0.47890625 0.0921875 0.07421875
0 0.6609375 0.4484375 0.08984375 0.04453125
0 0.65703125 0.53671875 0.10234375 0.10546875
0 0.659375 0.58046875 0.096875 0.0640625
0 0.640625 0.6828125 0.0859375 0.09921875
0 0.6671875 0.69375 0.0875 0.09375
0 0.5453125 0.71171875 0.10625 0.0921875
0 0.50234375 0.6796875 0.10078125 0.08984375
0 0.5 0.7421875 0.08828125 0.053125
0 0.43046875 0.68515625 0.040625 0.0578125
0 0.38671875 0.7015625 0.10078125 0.08359375
0 0.38984375 0.65546875 0.0546875 0.02890625
0 0.384375 0.87421875 0.1078125 0.0890625
0 0.3828125 0.8203125 0.10078125 0.06015625
0 0.48671875 0.82734375 0.09609375 0.09453125
0 0.56015625 0.86484375 0.08984375 0.09453125
0 0.66015625 0.834375 0.109375 0.084375
0 0.6390625 0.80625 0.06796875 0.059375