0 0.32578125 0.42265625 0.11484375 0.11484375
0 0.328125 0.565625 0.12109375 0.08359375
0 0.33359375 0.6796875 0.11484375 0.0828125
0 0.32890625 0.81015625 0.1046875 0.09765625
0 0.4390625 0.459375 0.11015625 0.08125
0 0.52109375 0.4140625 0.103125 0.0859375
0 0.61796875 0.4375 0.0875 0.0875
0 0.4328125 0.59296875 0.07578125 0.0890625
0 0.42890625 0.82265625 0.09453125 0.0828125
0 0.60390625 0.8359375 0.10546875 0.08515625
0 0.50390625 0.828125 0.0859375 0.0765625
0 0.4984375 0.69765625 0.08671875 0.09765625
0 0.60390625 0.684375 0.11953125 0.09375
0 0.59921875 0.5890625 0.07890625 0.09609375
0 0.53046875 0.5203125 0.0765625 0.0984375