0 0.34609375 0.440625 0.1203125 0.0890625
0 0.34453125 0.553125 0.13671875 0.08359375
0 0.34609375 0.69765625 0.1453125 0.07734375
0 0.34765625 0.80859375 0.128125 0.0796875
0 0.45859375 0.565625 0.09296875 0.0734375
0 0.5265625 0.48203125 0.09296875 0.1484375
0 0.640625 0.40078125 0.11640625 0.10859375
0 0.515625 0.40234375 0.12421875 0.0828125
0 0.46640625 0.66171875 0.08671875 0.1015625
0 0.46328125 0.78671875 0.09609375 0.06875
0 0.63125 0.55859375 0.10546875 0.11015625
0 0.53046875 0.6484375 0.10859375 0.10859375
0 0.6484375 0.7046875 0.11953125 0.10234375
0 0.6390625 0.8234375 0.12421875 0.1
0 0.5140625 0.8234375 0.11796875 0.1390625
0 0.428125 0.43671875 0.040625 0.08359375