0 0.58125 0.44765625 0.03671875 0.05078125
0 0.65546875 0.42578125 0.11171875 0.10390625
0 0.6265625 0.48046875 0.05390625 0.025
0 0.528125 0.440625 0.10859375 0.07734375
0 0.47109375 0.4421875 0.05390625 0.08671875
0 0.37890625 0.4578125 0.10703125 0.08359375
0 0.4015625 0.45625 0.0859375 0.06875
0 0.37421875 0.5515625 0.12109375 0.10546875
0 0.3890625 0.603125 0.0828125 0.0421875
0 0.4890625 0.60625 0.1078125 0.07890625
0 0.53203125 0.534375 0.1109375 0.11328125
0 0.63671875 0.540625 0.09609375 0.09453125
0 0.64375 0.5734375 0.10859375 0.078125
0 0.6671875 0.721875 0.12890625 0.10078125
0 0.540625 0.6953125 0.1265625 0.09609375
0 0.6578125 0.84375 0.12578125 0.10234375
0 0.53828125 0.846875 0.1078125 0.08125
0 0.5421875 0.78671875 0.08671875 0.06171875
0 0.47890625 0.83671875 0.090625 0.08671875
0 0.3703125 0.81171875 0.121875 0.084375
0 0.4109375 0.7875 0.03828125 0.0484375
0 0.48359375 0.72421875 0.09140625 0.078125
0 0.48046875 0.7828125 0.08359375 0.0953125
0 0.3734375 0.6875 0.12890625 0.1015625