0 0.64609375 0.4609375 0.1140625 0.09765625
0 0.54375 0.49453125 0.06875 0.07265625
0 0.553125 0.478125 0.07265625 0.065625
0 0.5203125 0.45703125 0.0390625 0.03828125
0 0.46484375 0.49453125 0.08515625 0.07890625
0 0.4296875 0.50625 0.02109375 0.01796875
0 0.3828125 0.48203125 0.07890625 0.08046875
0 0.375 0.50703125 0.06953125 0.05703125
0 0.384375 0.44921875 0.0390625 0.02890625
0 0.3703125 0.60546875 0.1 0.0890625
0 0.45859375 0.6078125 0.07578125 0.07109375
0 0.45859375 0.56484375 0.0625 0.0453125
0 0.52890625 0.59140625 0.1015625 0.09296875
0 0.60234375 0.6109375 0.05390625 0.04921875
0 0.6390625 0.596875 0.09375 0.09296875
0 0.6296875 0.7125 0.08515625 0.08828125
0 0.6125 0.7203125 0.0671875 0.0546875
0 0.621875 0.678125 0.06875 0.05625
0 0.53203125 0.73046875 0.09921875 0.090625
0 0.38125 0.7 0.08125 0.10234375
0 0.39609375 0.74453125 0.053125 0.04921875
0 0.46953125 0.7578125 0.09453125 0.08671875
0 0.3796875 0.85078125 0.0875 0.09140625
0 0.4765625 0.88203125 0.1015625 0.1
0 0.6359375 0.8609375 0.10859375 0.09453125
0 0.55 0.85625 0.0640625 0.06015625
0 0.53671875 0.825 0.0734375 0.05