0 0.359375 0.48203125 0.08046875 0.07109375
0 0.43359375 0.49453125 0.05703125 0.05390625
0 0.52421875 0.43671875 0.07265625 0.0984375
0 0.59140625 0.48046875 0.06484375 0.09609375
0 0.3640625 0.60078125 0.09609375 0.06875
0 0.45078125 0.59375 0.05859375 0.0828125
0 0.52578125 0.5890625 0.0859375 0.08515625
0 0.6015625 0.5953125 0.06953125 0.07265625
0 0.35390625 0.709375 0.09296875 0.0609375
0 0.44296875 0.7171875 0.0671875 0.0640625
0 0.3671875 0.8234375 0.0765625 0.09765625
0 0.44609375 0.87421875 0.07109375 0.09140625
0 0.53515625 0.76640625 0.07734375 0.0875
0 0.6078125 0.6921875 0.06640625 0.09375
0 0.54453125 0.83671875 0.07109375 0.04609375
0 0.609375 0.85703125 0.05078125 0.07109375