0 0.36640625 0.42578125 0.121875 0.0859375
0 0.353125 0.5625 0.125 0.08515625
0 0.3453125 0.69765625 0.15546875 0.09765625
0 0.35859375 0.825 0.115625 0.07265625
0 0.40390625 0.5015625 0.0421875 0.15
0 0.475 0.43046875 0.08359375 0.12109375
0 0.49140625 0.8421875 0.128125 0.0875
0 0.40078125 0.88515625 0.08046875 0.11484375
0 0.4859375 0.5765625 0.10703125 0.09140625
0 0.67421875 0.46015625 0.13828125 0.10234375
0 0.54375 0.43046875 0.090625 0.0984375
0 0.5390625 0.52890625 0.11796875 0.1125
0 0.6765625 0.58203125 0.13515625 0.10625
0 0.61953125 0.5734375 0.0453125 0.0671875
0 0.6703125 0.6859375 0.17421875 0.09765625
0 0.5453125 0.70078125 0.103125 0.0609375
0 0.490625 0.6796875 0.12109375 0.0859375
0 0.56328125 0.61328125 0.0375 0.06875
0 0.6390625 0.79765625 0.11328125 0.06015625
0 0.62578125 0.8515625 0.0828125 0.07890625