0 0.33203125 0.45703125 0.0890625 0.08125
0 0.41484375 0.44921875 0.078125 0.0890625
0 0.4984375 0.44375 0.07109375 0.08984375
0 0.5828125 0.47890625 0.08203125 0.07734375
0 0.3265625 0.5875 0.08984375 0.0828125
0 0.4171875 0.565625 0.08828125 0.0765625
0 0.5046875 0.5671875 0.0796875 0.08984375
0 0.5953125 0.57109375 0.1015625 0.0796875
0 0.3359375 0.70703125 0.08359375 0.07890625
0 0.4171875 0.6890625 0.075 0.075
0 0.50390625 0.7265625 0.08984375 0.0625
0 0.59140625 0.69375 0.08671875 0.0921875
0 0.5828125 0.8359375 0.096875 0.07265625
0 0.496875 0.825 0.07890625 0.0703125
0 0.415625 0.81796875 0.0796875 0.08125
0 0.328125 0.8296875 0.096875 0.08125