0 0.61015625 0.47578125 0.08359375 0.075
0 0.63125 0.50625 0.0921875 0.06640625
0 0.50859375 0.453125 0.11171875 0.09921875
0 0.62578125 0.62578125 0.096875 0.06328125
0 0.63359375 0.58515625 0.09765625 0.05390625
0 0.653125 0.70625 0.13046875 0.09296875
0 0.57265625 0.7140625 0.028125 0.05859375
0 0.64765625 0.83359375 0.13828125 0.1
0 0.54921875 0.825 0.05546875 0.0828125
0 0.5171875 0.8625 0.08671875 0.065625
0 0.5328125 0.73125 0.07421875 0.07109375
0 0.478125 0.8046875 0.1140625 0.10703125
0 0.371875 0.803125 0.0984375 0.1109375
0 0.35546875 0.84453125 0.0828125 0.05859375
0 0.39765625 0.73671875 0.0359375 0.053125
0 0.4640625 0.7328125 0.10625 0.08359375
0 0.34375 0.73671875 0.078125 0.06484375
0 0.36875 0.70078125 0.04921875 0.02734375
0 0.36328125 0.634375 0.09765625 0.06796875
0 0.41015625 0.61875 0.01484375 0.01796875
0 0.37734375 0.59140625 0.0625 0.04296875
0 0.47734375 0.59609375 0.11796875 0.08203125
0 0.5140625 0.640625 0.1375 0.08671875
0 0.3484375 0.48046875 0.12890625 0.08828125
0 0.4609375 0.51171875 0.0890625 0.071875