0 0.2921875 0.2765625 0.2390625 0.1515625
0 0.475 0.18671875 0.13671875 0.2859375
0 0.36640625 0.3203125 0.090625 0.08515625
0 0.30390625 0.4765625 0.215625 0.1125
0 0.321875 0.44296875 0.1984375 0.18125
0 0.3015625 0.65234375 0.22109375 0.13515625
0 0.2859375 0.8109375 0.24609375 0.0921875
0 0.49296875 0.6671875 0.15546875 0.10625
0 0.5140625 0.4640625 0.19921875 0.1359375
0 0.5578125 0.31875 0.13984375 0.11015625
0 0.72890625 0.3390625 0.23515625 0.1609375
0 0.71484375 0.4890625 0.20859375 0.10234375
0 0.69140625 0.31015625 0.12421875 0.09765625
0 0.72734375 0.6140625 0.178125 0.1078125
0 0.56640625 0.609375 0.15234375 0.12890625
0 0.721875 0.8140625 0.203125 0.1546875
0 0.51875 0.88125 0.1890625 0.18515625
0 0.49375 0.8015625 0.14921875 0.12265625