0 0.759375 0.303125 0.25625 0.05703125
0 0.7609375 0.27421875 0.14375 0.04921875
0 0.74765625 0.37265625 0.22890625 0.09921875
0 0.54375 0.33515625 0.17890625 0.05859375
0 0.45625 0.3359375 0.15078125 0.06640625
0 0.43984375 0.2921875 0.18515625 0.0890625
0 0.253125 0.33359375 0.18203125 0.05625
0 0.28203125 0.31796875 0.134375 0.053125
0 0.26328125 0.3984375 0.2 0.07421875
0 0.4546875 0.43671875 0.19140625 0.0640625
0 0.559375 0.434375 0.16484375 0.06875
0 0.7515625 0.4796875 0.128125 0.10078125
0 0.67265625 0.46875 0.07265625 0.13984375
0 0.65859375 0.38515625 0.0484375 0.0296875
0 0.75390625 0.5953125 0.2328125 0.11953125
0 0.74453125 0.653125 0.24453125 0.05859375
0 0.69296875 0.62265625 0.1328125 0.03671875
0 0.60078125 0.6421875 0.0421875 0.02109375
0 0.53828125 0.609375 0.121875 0.08671875
0 0.55703125 0.55390625 0.16328125 0.06953125
0 0.51796875 0.4765625 0.15 0.03125
0 0.57421875 0.4953125 0.0890625 0.05078125
0 0.47265625 0.51953125 0.21015625 0.05546875
0 0.41796875 0.57578125 0.1453125 0.121875
0 0.4203125 0.61640625 0.165625 0.05546875
0 0.2234375 0.58984375 0.22109375 0.059375
0 0.31875 0.60546875 0.0453125 0.02421875
0 0.25703125 0.5609375 0.178125 0.0859375
0 0.159375 0.5453125 0.05859375 0.03359375
0 0.2484375 0.5140625 0.18359375 0.090625
0 0.2609375 0.4578125 0.18671875 0.05390625
0 0.29921875 0.49140625 0.09140625 0.0421875