0 0.40703125 0.27734375 0.196875 0.1171875
0 0.61796875 0.25859375 0.2109375 0.12265625
0 0.6890625 0.21640625 0.1125 0.20234375
0 0.5609375 0.4296875 0.20078125 0.0953125
0 0.43984375 0.39140625 0.128125 0.09765625
0 0.3890625 0.7421875 0.23046875 0.13359375
0 0.38203125 0.4984375 0.11171875 0.0984375
0 0.3921875 0.63125 0.1125 0.1
0 0.4671875 0.49375 0.11015625 0.09765625
0 0.6203125 0.671875 0.2484375 0.1515625
0 0.6109375 0.5421875 0.178125 0.09375
0 0.74765625 0.49296875 0.0703125 0.2265625
0 0.8109375 0.51171875 0.07890625 0.14140625
0 0.81796875 0.69921875 0.11015625 0.15859375
0 0.734375 0.8671875 0.25234375 0.1953125
0 0.48203125 0.84140625 0.15390625 0.1078125