0 0.78203125 0.3578125 0.2921875 0.0640625
0 0.709375 0.4015625 0.16796875 0.0546875
0 0.50390625 0.33125 0.2625 0.078125
0 0.4984375 0.40234375 0.18125 0.0953125
0 0.52578125 0.36640625 0.1984375 0.04375
0 0.43359375 0.296875 0.15234375 0.146875
0 0.525 0.3015625 0.11640625 0.03828125
0 0.22734375 0.36640625 0.278125 0.0375
0 0.3015625 0.403125 0.165625 0.07109375
0 0.33125 0.41796875 0.08828125 0.0625
0 0.21328125 0.48359375 0.25390625 0.05078125
0 0.28671875 0.45859375 0.14296875 0.03515625
0 0.43671875 0.48515625 0.16015625 0.10234375
0 0.4296875 0.44765625 0.16171875 0.05703125
0 0.26015625 0.534375 0.19375 0.0703125
0 0.33828125 0.5171875 0.059375 0.0265625
0 0.25 0.5921875 0.15234375 0.053125
0 0.1796875 0.63359375 0.3 0.06015625
0 0.31796875 0.6328125 0.03828125 0.0140625
0 0.4125 0.5875 0.16953125 0.1109375
0 0.43828125 0.62890625 0.19296875 0.0765625
0 0.53828125 0.66640625 0.2171875 0.06328125
0 0.5390625 0.64296875 0.2125 0.0546875
0 0.58203125 0.6109375 0.1046875 0.03828125
0 0.79765625 0.65625 0.2890625 0.06875
0 0.715625 0.68125 0.1265625 0.046875
0 0.56796875 0.5140625 0.18203125 0.10234375
0 0.63046875 0.54765625 0.0953125 0.0390625
0 0.5796875 0.47578125 0.10390625 0.0546875
0 0.6046875 0.4515625 0.0703125 0.04921875
0 0.7859375 0.45703125 0.30859375 0.0734375
0 0.7203125 0.50546875 0.18828125 0.028125
0 0.82265625 0.53125 0.29375 0.09375
0 0.846875 0.56796875 0.21796875 0.05703125