0 0.33515625 0.26484375 0.16875 0.06640625
0 0.35390625 0.29453125 0.1359375 0.03203125
0 0.4875 0.24921875 0.146875 0.0765625
0 0.59140625 0.2625 0.18671875 0.0734375
0 0.78671875 0.28671875 0.203125 0.0828125
0 0.76875 0.32265625 0.1375 0.04296875
0 0.56484375 0.29296875 0.23359375 0.053125
0 0.5171875 0.340625 0.16953125 0.0890625
0 0.51953125 0.3875 0.12421875 0.02421875
0 0.46640625 0.39375 0.053125 0.028125
0 0.37578125 0.375 0.11640625 0.03984375
0 0.32890625 0.359375 0.165625 0.0515625
0 0.3328125 0.3890625 0.1390625 0.025
0 0.60703125 0.35390625 0.18828125 0.06171875
0 0.78984375 0.365625 0.18515625 0.04921875
0 0.77734375 0.4078125 0.14453125 0.04765625
0 0.79609375 0.4578125 0.19453125 0.0640625
0 0.775 0.50390625 0.15703125 0.059375
0 0.6203125 0.44921875 0.16953125 0.07421875
0 0.6265625 0.4125 0.09140625 0.03828125
0 0.590625 0.52890625 0.175 0.08125
0 0.63515625 0.5125 0.09375 0.06484375
0 0.728125 0.5875 0.14765625 0.0703125
0 0.746875 0.62265625 0.1171875 0.04921875
0 0.77265625 0.58671875 0.11171875 0.075
0 0.46015625 0.51484375 0.1390625 0.08828125
0 0.47421875 0.54375 0.1140625 0.04453125
0 0.31328125 0.57578125 0.17421875 0.06328125
0 0.38359375 0.55703125 0.05078125 0.03203125
0 0.3703125 0.5859375 0.071875 0.04296875
0 0.328125 0.45390625 0.16171875 0.06640625
0 0.38203125 0.45078125 0.08359375 0.03359375
0 0.33984375 0.48515625 0.140625 0.04140625
0 0.4984375 0.44609375 0.17109375 0.06484375