0 0.67421875 0.7984375 0.13203125 0.13125
0 0.328125 0.80078125 0.15 0.1109375
0 0.3296875 0.4609375 0.13671875 0.09765625
0 0.3328125 0.5796875 0.1265625 0.11484375
0 0.34453125 0.3296875 0.12578125 0.1328125
0 0.43359375 0.26875 0.07734375 0.1546875
0 0.546875 0.32421875 0.11796875 0.1140625
0 0.6484375 0.36796875 0.1171875 0.06640625
0 0.44921875 0.39140625 0.10703125 0.1203125
0 0.65078125 0.4609375 0.1546875 0.0921875
0 0.6453125 0.5921875 0.1046875 0.1171875
0 0.54609375 0.4828125 0.0765625 0.0890625
0 0.5453125 0.60078125 0.0828125 0.1109375
0 0.5765625 0.72734375 0.0734375 0.1078125
0 0.49453125 0.6921875 0.0734375 0.1421875
0 0.4734375 0.8578125 0.08984375 0.18359375
0 0.44921875 0.60546875 0.08515625 0.1015625