0 0.5921875 0.28671875 0.17421875 0.05078125
0 0.47734375 0.27265625 0.1578125 0.0796875
0 0.2984375 0.32109375 0.18359375 0.059375
0 0.3453125 0.2875 0.08203125 0.0171875
0 0.7671875 0.31640625 0.1703125 0.05234375
0 0.56953125 0.30859375 0.16796875 0.03046875
0 0.48046875 0.334375 0.15859375 0.040625
0 0.44765625 0.3671875 0.1671875 0.0703125
0 0.3078125 0.3390625 0.16015625 0.05546875
0 0.32734375 0.34375 0.1265625 0.04765625
0 0.284375 0.4296875 0.1703125 0.075
0 0.2578125 0.41796875 0.1125 0.046875
0 0.28828125 0.478125 0.19765625 0.04296875
0 0.459375 0.4625 0.14453125 0.05859375
0 0.55546875 0.42578125 0.15390625 0.02734375
0 0.57109375 0.396875 0.2015625 0.0453125
0 0.57109375 0.37265625 0.16484375 0.028125
0 0.59140625 0.3546875 0.0953125 0.03984375
0 0.7578125 0.2953125 0.08515625 0.02109375
0 0.759375 0.3421875 0.14921875 0.0421875
0 0.77109375 0.3375 0.15859375 0.03828125
0 0.78203125 0.3859375 0.21953125 0.04765625
0 0.76640625 0.409375 0.1859375 0.02734375
0 0.73984375 0.43203125 0.12265625 0.04921875
0 0.81328125 0.43203125 0.06875 0.0265625
0 0.75390625 0.4828125 0.1984375 0.05234375
0 0.79921875 0.46953125 0.10859375 0.02890625
0 0.7625 0.5078125 0.17109375 0.028125
0 0.553125 0.4859375 0.20234375 0.04609375
0 0.56875 0.50859375 0.17109375 0.0484375
0 0.3046875 0.5015625 0.165625 0.04453125
0 0.28984375 0.559375 0.1671875 0.04765625
0 0.29609375 0.54375 0.15078125 0.0421875
0 0.33046875 0.5421875 0.09375 0.04453125
0 0.4625 0.56796875 0.17734375 0.0484375
0 0.48515625 0.578125 0.146875 0.03125
0 0.478125 0.59296875 0.1375 0.0234375
0 0.65390625 0.5859375 0.025 0.015625
0 0.5765625 0.61953125 0.1546875 0.084375
0 0.56640625 0.60546875 0.15703125 0.0671875
0 0.76796875 0.58515625 0.2046875 0.040625
0 0.740625 0.6109375 0.1484375 0.05