0 0.40234375 0.3734375 0.1046875 0.0734375
0 0.49453125 0.3484375 0.06640625 0.1265625
0 0.42265625 0.50703125 0.0921875 0.06640625
0 0.5046875 0.48046875 0.0625 0.0859375
0 0.5953125 0.3390625 0.05390625 0.07890625
0 0.66328125 0.34140625 0.0890625 0.08515625
0 0.57265625 0.3828125 0.06640625 0.0953125
0 0.5765625 0.4796875 0.0875 0.0890625
0 0.653125 0.44765625 0.0828125 0.11484375
0 0.50546875 0.70390625 0.08515625 0.09765625
0 0.51796875 0.6296875 0.08671875 0.05390625
0 0.678125 0.6390625 0.10859375 0.08125
0 0.4109375 0.815625 0.12109375 0.1140625
0 0.5171875 0.83359375 0.0765625 0.0796875
0 0.42734375 0.66875 0.0796875 0.1
0 0.6734375 0.82109375 0.0859375 0.0953125
0 0.57578125 0.8109375 0.0984375 0.0953125
0 0.5984375 0.7109375 0.0890625 0.075