0 0.32734375 0.22421875 0.21953125 0.10859375
0 0.34296875 0.3578125 0.21796875 0.1375
0 0.3828125 0.4703125 0.13203125 0.0765625
0 0.5453125 0.32578125 0.20234375 0.18359375
0 0.734375 0.27578125 0.14296875 0.0890625
0 0.58203125 0.52578125 0.09609375 0.2890625
0 0.534375 0.7515625 0.2265625 0.11875
0 0.3890625 0.62265625 0.125 0.1
0 0.3609375 0.76796875 0.128125 0.12109375
0 0.4578125 0.8328125 0.0953125 0.16640625
0 0.7546875 0.56484375 0.1890625 0.11015625
0 0.75703125 0.74140625 0.16953125 0.1203125
0 0.78671875 0.68203125 0.1640625 0.0859375
0 0.57109375 0.86796875 0.12421875 0.19140625