0 0.51640625 0.2484375 0.26796875 0.10546875
0 0.45703125 0.24609375 0.15078125 0.10703125
0 0.51640625 0.32578125 0.26328125 0.1140625
0 0.53828125 0.3046875 0.22421875 0.06796875
0 0.7890625 0.37734375 0.2796875 0.05546875
0 0.77421875 0.34296875 0.24296875 0.06875
0 0.76640625 0.3046875 0.221875 0.040625
0 0.7921875 0.42421875 0.21171875 0.0578125
0 0.5328125 0.41328125 0.31796875 0.0796875
0 0.2625 0.4046875 0.2015625 0.05859375
0 0.33203125 0.38515625 0.096875 0.0484375
0 0.3140625 0.33671875 0.15546875 0.08515625
0 0.1890625 0.3453125 0.25546875 0.10703125
0 0.2421875 0.30390625 0.2453125 0.05703125
0 0.2625 0.51953125 0.24609375 0.16875
0 0.496875 0.6453125 0.271875 0.09140625
0 0.515625 0.6078125 0.24609375 0.07734375
0 0.765625 0.59609375 0.2234375 0.07734375
0 0.8046875 0.53984375 0.328125 0.13515625
0 0.51796875 0.55078125 0.26640625 0.109375
0 0.515625 0.50625 0.2421875 0.06875
0 0.478125 0.4625 0.271875 0.06953125
0 0.76796875 0.5015625 0.31328125 0.08125
0 0.72421875 0.4609375 0.19765625 0.0765625