0 0.32421875 0.2984375 0.18984375 0.0859375
0 0.34921875 0.4171875 0.13203125 0.1234375
0 0.35078125 0.55546875 0.17421875 0.13125
0 0.33984375 0.715625 0.2046875 0.1265625
0 0.49453125 0.23359375 0.15078125 0.13515625
0 0.61796875 0.18671875 0.09296875 0.16875
0 0.721875 0.3546875 0.20234375 0.14765625
0 0.71953125 0.63125 0.190625 0.18984375
0 0.4359375 0.84765625 0.184375 0.1546875
0 0.5078125 0.68671875 0.1375 0.1359375
0 0.53671875 0.5296875 0.0796875 0.19765625
0 0.54765625 0.3671875 0.13359375 0.1375
0 0.57734375 0.7390625 0.146875 0.0765625