0 0.37578125 0.3953125 0.0828125 0.0953125
0 0.45234375 0.3484375 0.05546875 0.1484375
0 0.63671875 0.38359375 0.1203125 0.075
0 0.384375 0.6125 0.096875 0.0953125
0 0.3796875 0.54140625 0.08046875 0.06484375
0 0.3796875 0.7359375 0.090625 0.09375
0 0.646875 0.54140625 0.0953125 0.07265625
0 0.58046875 0.45078125 0.040625 0.08359375
0 0.63203125 0.64609375 0.09921875 0.07265625
0 0.39765625 0.834375 0.06484375 0.12109375
0 0.45859375 0.73828125 0.06015625 0.0734375
0 0.46953125 0.6109375 0.0515625 0.07265625
0 0.565625 0.6703125 0.040625 0.0953125
0 0.4703125 0.82734375 0.06640625 0.1375
0 0.6390625 0.8515625 0.0765625 0.0796875
0 0.6265625 0.7890625 0.07734375 0.0609375
0 0.54921875 0.7578125 0.0578125 0.05234375
0 0.5640625 0.8390625 0.05703125 0.0875