0 0.6 0.43984375 0.178125 0.05546875
0 0.47734375 0.4453125 0.07109375 0.04453125
0 0.5734375 0.50234375 0.13125 0.046875
0 0.4515625 0.49453125 0.1046875 0.04609375
0 0.33046875 0.49375 0.09609375 0.0453125
0 0.2171875 0.48359375 0.13046875 0.05625
0 0.32421875 0.44453125 0.1109375 0.0484375
0 0.21484375 0.440625 0.11015625 0.05859375
0 0.20546875 0.54921875 0.14609375 0.06328125
0 0.3453125 0.61015625 0.12109375 0.0890625
0 0.32421875 0.56328125 0.103125 0.04375
0 0.4671875 0.5703125 0.08828125 0.0375
0 0.4625 0.5484375 0.0921875 0.0359375
0 0.5703125 0.56484375 0.1171875 0.04921875
0 0.51953125 0.7109375 0.0875 0.10859375
0 0.540625 0.6921875 0.071875 0.0640625
0 0.4546875 0.64375 0.084375 0.0375
0 0.4 0.6484375 0.121875 0.0390625
0 0.26015625 0.6484375 0.0625 0.04375
0 0.2390625 0.60703125 0.08203125 0.078125
0 0.203125 0.634375 0.0515625 0.0421875