0 0.371875 0.3875 0.10859375 0.06640625
0 0.2578125 0.41171875 0.1265625 0.04921875
0 0.2484375 0.384375 0.1109375 0.02890625
0 0.27578125 0.4375 0.09921875 0.02421875
0 0.38125 0.41640625 0.1140625 0.0484375
0 0.38671875 0.43671875 0.10546875 0.02734375
0 0.46875 0.3984375 0.14609375 0.06015625
0 0.61484375 0.38828125 0.14375 0.06640625
0 0.5953125 0.42109375 0.10390625 0.02890625
0 0.66875 0.49765625 0.15703125 0.05625
0 0.55078125 0.5078125 0.07890625 0.04921875
0 0.53828125 0.48671875 0.07734375 0.040625
0 0.484375 0.48984375 0.07421875 0.04296875
0 0.38984375 0.48125 0.13515625 0.0421875
0 0.37421875 0.5015625 0.109375 0.05078125
0 0.24765625 0.52578125 0.1359375 0.05703125
0 0.3 0.5125 0.05078125 0.01875
0 0.246875 0.503125 0.13125 0.03046875
0 0.27109375 0.4859375 0.0859375 0.01484375
0 0.29375 0.56015625 0.1234375 0.0609375
0 0.35859375 0.57890625 0.02734375 0.0109375
0 0.43671875 0.58046875 0.1453125 0.053125
0 0.50078125 0.55625 0.1171875 0.059375
0 0.4890625 0.52578125 0.13125 0.04375
0 0.61875 0.58203125 0.13359375 0.06875
0 0.6453125 0.64453125 0.15078125 0.05390625
0 0.646875 0.671875 0.121875 0.04609375
0 0.51171875 0.640625 0.11640625 0.0734375
0 0.2875 0.7015625 0.12109375 0.0859375
0 0.425 0.696875 0.1484375 0.07265625
0 0.4328125 0.66796875 0.1328125 0.04296875