0 0.5765625 0.37578125 0.03125 0.07890625
0 0.59375 0.4515625 0.03828125 0.0578125
0 0.53125 0.28046875 0.10703125 0.23984375
0 0.678125 0.39453125 0.1890625 0.09609375
0 0.659375 0.546875 0.13125 0.10625
0 0.61953125 0.4984375 0.08046875 0.059375
0 0.5875 0.5546875 0.0421875 0.0515625
0 0.65390625 0.45625 0.0953125 0.0328125
0 0.67578125 0.64609375 0.1890625 0.13125
0 0.621875 0.73046875 0.07265625 0.04921875
0 0.6703125 0.85625 0.184375 0.13125
0 0.646875 0.79375 0.1046875 0.0671875
0 0.5703125 0.85390625 0.0546875 0.071875
0 0.4234375 0.40234375 0.09296875 0.1109375
0 0.3046875 0.50078125 0.14921875 0.16328125
0 0.29765625 0.46171875 0.159375 0.1515625
0 0.38203125 0.54453125 0.0265625 0.0421875
0 0.48125 0.48828125 0.17265625 0.14765625
0 0.45078125 0.4390625 0.0828125 0.07421875
0 0.4984375 0.39765625 0.08828125 0.07421875
0 0.50078125 0.54375 0.14921875 0.0859375
0 0.5125 0.6171875 0.1328125 0.15703125
0 0.48515625 0.67578125 0.1765625 0.11875
0 0.51328125 0.76640625 0.11484375 0.17890625
0 0.35625 0.65 0.08828125 0.121875
0 0.32109375 0.578125 0.1 0.109375
0 0.30625 0.78125 0.14140625 0.15625
0 0.31484375 0.85078125 0.06796875 0.06875
0 0.36484375 0.85546875 0.05390625 0.07890625
0 0.48203125 0.7984375 0.18125 0.13125
0 0.43984375 0.77734375 0.09296875 0.0828125