0 0.184375 0.415625 0.1140625 0.1390625
0 0.18828125 0.5390625 0.1015625 0.10078125
0 0.20234375 0.73125 0.1328125 0.14921875
0 0.2734375 0.5703125 0.0890625 0.16484375
0 0.35703125 0.43984375 0.15390625 0.10078125
0 0.47265625 0.4171875 0.12734375 0.12890625
0 0.46015625 0.56953125 0.1125 0.15546875
0 0.36953125 0.6359375 0.1984375 0.075
0 0.36640625 0.74453125 0.1328125 0.14921875
0 0.6328125 0.42421875 0.1703125 0.128125
0 0.690625 0.40234375 0.10390625 0.11953125
0 0.5703125 0.56328125 0.07109375 0.13515625
0 0.715625 0.59453125 0.10390625 0.11640625
0 0.70546875 0.725 0.10625 0.11015625
0 0.5609375 0.734375 0.13515625 0.12421875
0 0.53046875 0.64453125 0.1859375 0.0640625
0 0.7671875 0.51640625 0.1734375 0.10390625