0 0.62890625 0.30625 0.0859375 0.159375
0 0.65625 0.3203125 0.0984375 0.1515625
0 0.6609375 0.4125 0.11875 0.0796875
0 0.65390625 0.51640625 0.11953125 0.12890625
0 0.5859375 0.52109375 0.03359375 0.0734375
0 0.6578125 0.65078125 0.13203125 0.13203125
0 0.62421875 0.59765625 0.08125 0.071875
0 0.59296875 0.66484375 0.02265625 0.065625
0 0.66328125 0.771875 0.13203125 0.14296875
0 0.60703125 0.784375 0.05546875 0.1359375
0 0.65390625 0.82421875 0.13125 0.06484375
0 0.5078125 0.76875 0.1484375 0.171875
0 0.440625 0.7796875 0.11875 0.14140625
0 0.47578125 0.8578125 0.18203125 0.10234375
0 0.46640625 0.9046875 0.15625 0.0640625
0 0.35 0.85703125 0.0578125 0.0515625
0 0.3265625 0.75 0.1140625 0.17265625
0 0.29453125 0.75546875 0.07109375 0.175
0 0.296875 0.62109375 0.15 0.17109375
0 0.40390625 0.6375 0.0625 0.10625
0 0.31796875 0.53984375 0.121875 0.12734375
0 0.3875 0.515625 0.02265625 0.07109375
0 0.3578125 0.5671875 0.0734375 0.034375
0 0.49765625 0.63203125 0.184375 0.165625
0 0.5453125 0.7265625 0.06171875 0.04453125
0 0.4859375 0.48046875 0.16796875 0.1484375
0 0.5078125 0.471875 0.13828125 0.16953125
0 0.3375 0.45078125 0.0953125 0.1109375
0 0.3078125 0.440625 0.0671875 0.07265625
0 0.31328125 0.33984375 0.11171875 0.09921875
0 0.371875 0.33984375 0.034375 0.0921875
0 0.45703125 0.2796875 0.1328125 0.190625
0 0.453125 0.325 0.10390625 0.121875
0 0.515625 0.35625 0.1390625 0.10078125
0 0.42734375 0.38671875 0.0703125 0.06015625