0 0.64609375 0.28203125 0.13359375 0.2078125
0 0.50390625 0.34140625 0.14921875 0.10703125
0 0.48515625 0.415625 0.16640625 0.0984375
0 0.36171875 0.4484375 0.0890625 0.09765625
0 0.3046875 0.46484375 0.1265625 0.125
0 0.3328125 0.5234375 0.13359375 0.05
0 0.49296875 0.50390625 0.17421875 0.09140625
0 0.659375 0.484375 0.13828125 0.11015625
0 0.64609375 0.44609375 0.13515625 0.1609375
0 0.67421875 0.60625 0.15234375 0.1484375
0 0.6359375 0.58828125 0.10234375 0.15625
0 0.6765625 0.76640625 0.14921875 0.18515625
0 0.653125 0.6703125 0.12734375 0.0859375
0 0.51015625 0.7609375 0.14921875 0.13984375
0 0.56015625 0.771875 0.08203125 0.1328125
0 0.81328125 0.71953125 0.0046875 0.003125
0 0.484375 0.84375 0.16640625 0.11875
0 0.365625 0.790625 0.07734375 0.11640625
0 0.30546875 0.7828125 0.0921875 0.10546875
0 0.3203125 0.82890625 0.07578125 0.05703125
0 0.30859375 0.67890625 0.15703125 0.1
0 0.4671875 0.61484375 0.1359375 0.15390625
0 0.41875 0.63203125 0.06953125 0.1078125
0 0.55 0.60546875 0.06484375 0.11484375
0 0.53046875 0.653125 0.09609375 0.06640625