0 0.7546875 0.7234375 0.2234375 0.1453125
0 0.10625 0.5296875 0.1109375 0.15
0 0.1859375 0.71171875 0.16015625 0.14296875
0 0.178125 0.39609375 0.11953125 0.10234375
0 0.29453125 0.38828125 0.08828125 0.11875
0 0.446875 0.3953125 0.1109375 0.1046875
0 0.615625 0.37890625 0.121875 0.128125
0 0.52421875 0.378125 0.0828125 0.13359375
0 0.775 0.446875 0.19765625 0.0859375
0 0.67578125 0.53671875 0.10390625 0.10078125
0 0.5359375 0.47578125 0.21875 0.046875
0 0.33828125 0.49140625 0.20078125 0.07890625
0 0.33984375 0.590625 0.13359375 0.1046875
0 0.38046875 0.7046875 0.07734375 0.140625
0 0.4828125 0.559375 0.10546875 0.13515625
0 0.47109375 0.71328125 0.07578125 0.11875