0 0.5328125 0.34375 0.12421875 0.1453125
0 0.64921875 0.3546875 0.10859375 0.12890625
0 0.56953125 0.49375 0.0859375 0.1421875
0 0.67265625 0.5375 0.140625 0.11640625
0 0.51875 0.471875 0.0640625 0.14375
0 0.52734375 0.621875 0.1265625 0.134375
0 0.65234375 0.68671875 0.121875 0.10390625
0 0.4328125 0.3328125 0.09453125 0.13984375
0 0.31171875 0.378125 0.14296875 0.125
0 0.32265625 0.5078125 0.1203125 0.1390625
0 0.4375 0.50390625 0.10234375 0.14453125
0 0.440625 0.403125 0.096875 0.0484375
0 0.40390625 0.66015625 0.06015625 0.0890625
0 0.4515625 0.634375 0.07734375 0.1421875
0 0.50703125 0.68359375 0.075 0.05703125
0 0.30859375 0.6625 0.13125 0.10390625
0 0.340625 0.7359375 0.11328125 0.15625
0 0.36484375 0.77890625 0.0671875 0.1234375
0 0.4546875 0.81796875 0.11015625 0.11484375
0 0.47265625 0.8859375 0.08515625 0.0765625
0 0.55703125 0.83125 0.09921875 0.10390625
0 0.65 0.7625 0.09921875 0.1625
0 0.68125 0.79296875 0.06953125 0.1125
0 0.51328125 0.77578125 0.09140625 0.04296875