0 0.73046875 0.384375 0.115625 0.14140625
0 0.17890625 0.37265625 0.10078125 0.146875
0 0.15234375 0.5109375 0.090625 0.121875
0 0.1328125 0.6734375 0.08359375 0.140625
0 0.19375 0.56171875 0.10078125 0.0921875
0 0.57421875 0.390625 0.06640625 0.12109375
0 0.39765625 0.38828125 0.10546875 0.096875
0 0.4578125 0.53046875 0.0953125 0.1375
0 0.3234375 0.56171875 0.078125 0.1328125
0 0.2796875 0.696875 0.08671875 0.1484375
0 0.5140625 0.68828125 0.1125 0.13984375
0 0.734375 0.56171875 0.10234375 0.121875
0 0.56796875 0.54765625 0.09375 0.13125
0 0.66796875 0.68203125 0.08515625 0.11484375
0 0.33515625 0.41328125 0.159375 0.07109375