0 0.15546875 0.396875 0.13515625 0.14609375
0 0.28828125 0.39140625 0.1171875 0.15234375
0 0.4140625 0.39765625 0.103125 0.13828125
0 0.48515625 0.38515625 0.0890625 0.13828125
0 0.62890625 0.40546875 0.1765625 0.15
0 0.14140625 0.52890625 0.10390625 0.09453125
0 0.1328125 0.73359375 0.1296875 0.1765625
0 0.290625 0.5171875 0.06953125 0.08984375
0 0.66875 0.73515625 0.1203125 0.15625
0 0.3703125 0.74453125 0.18046875 0.1578125
0 0.53515625 0.7328125 0.13046875 0.15390625
0 0.53671875 0.55703125 0.13046875 0.15625
0 0.7359375 0.5625 0.21484375 0.16640625
0 0.41015625 0.5625 0.12421875 0.178125