0 0.1296875 0.671875 0.09609375 0.1140625
0 0.25390625 0.68125 0.08671875 0.1140625
0 0.38046875 0.67890625 0.0921875 0.11953125
0 0.51640625 0.690625 0.0859375 0.14375
0 0.55234375 0.66640625 0.090625 0.08671875
0 0.65234375 0.67265625 0.0703125 0.125
0 0.14296875 0.5828125 0.07578125 0.0609375
0 0.125 0.4859375 0.09765625 0.06015625
0 0.671875 0.5734375 0.07265625 0.071875
0 0.559375 0.5734375 0.09140625 0.0875
0 0.41640625 0.57734375 0.07265625 0.07890625
0 0.284375 0.5734375 0.08203125 0.096875
0 0.18984375 0.396875 0.0953125 0.11015625
0 0.2875 0.39921875 0.05625 0.08984375
0 0.26328125 0.4984375 0.0609375 0.09921875
0 0.403125 0.40234375 0.06953125 0.09453125
0 0.38046875 0.49453125 0.06328125 0.07734375
0 0.53515625 0.4015625 0.06328125 0.109375
0 0.4890625 0.39609375 0.08828125 0.10234375
0 0.5421875 0.49140625 0.06328125 0.0734375
0 0.68203125 0.396875 0.11328125 0.09609375
0 0.64453125 0.4859375 0.090625 0.0765625