0 0.32578125 0.33515625 0.13203125 0.09296875
0 0.3765625 0.3640625 0.028125 0.0375
0 0.35234375 0.484375 0.0953125 0.0953125
0 0.2953125 0.48359375 0.10234375 0.09609375
0 0.45234375 0.353125 0.1171875 0.109375
0 0.51875 0.35859375 0.13515625 0.08828125
0 0.5859375 0.3609375 0.01953125 0.04375
0 0.48515625 0.4984375 0.16875 0.1203125
0 0.440625 0.428125 0.07421875 0.06953125
0 0.52265625 0.4125 0.08828125 0.06484375
0 0.409375 0.4359375 0.02890625 0.05078125
0 0.3171875 0.634375 0.15390625 0.14140625
0 0.29453125 0.76796875 0.18203125 0.15625
0 0.3359375 0.70859375 0.0203125 0.0390625
0 0.346875 0.84453125 0.0828125 0.05234375
0 0.43125 0.82890625 0.10859375 0.0953125
0 0.4375 0.775 0.0875 0.08203125
0 0.50625 0.76875 0.15625 0.146875
0 0.65703125 0.80703125 0.14296875 0.09921875
0 0.6328125 0.72578125 0.09921875 0.12109375
0 0.478125 0.67265625 0.178125 0.09296875
0 0.503125 0.62265625 0.16484375 0.14765625
0 0.6703125 0.5203125 0.18203125 0.11171875
0 0.68828125 0.38671875 0.18984375 0.1375
0 0.6484375 0.2875 0.12265625 0.13046875
0 0.58125 0.51875 0.0375 0.04921875