0 0.6921875 0.36171875 0.1296875 0.13984375
0 0.68515625 0.51796875 0.11875 0.11171875
0 0.5515625 0.32109375 0.140625 0.18125
0 0.55859375 0.6234375 0.103125 0.19140625
0 0.590625 0.52734375 0.0609375 0.07265625
0 0.67109375 0.58984375 0.0984375 0.078125
0 0.55546875 0.4203125 0.09921875 0.146875
0 0.54375 0.4859375 0.1 0.09296875
0 0.6859375 0.6828125 0.1296875 0.1015625
0 0.67109375 0.73671875 0.109375 0.0484375
0 0.684375 0.8296875 0.11640625 0.0828125
0 0.6421875 0.85859375 0.1 0.0921875
0 0.5171875 0.88984375 0.14140625 0.14140625
0 0.32421875 0.82421875 0.140625 0.125
0 0.41484375 0.8546875 0.0453125 0.07578125
0 0.4953125 0.84140625 0.12890625 0.10625
0 0.334375 0.77265625 0.11796875 0.103125
0 0.334375 0.71171875 0.1375 0.1
0 0.47578125 0.72734375 0.1453125 0.10390625
0 0.47734375 0.6703125 0.12265625 0.04453125
0 0.35078125 0.53359375 0.11171875 0.12734375
0 0.4734375 0.55234375 0.13203125 0.12265625
0 0.35 0.3875 0.12421875 0.1
0 0.3609375 0.32890625 0.08984375 0.1046875
0 0.47109375 0.37265625 0.0984375 0.11015625