0 0.50234375 0.29765625 0.12578125 0.1671875
0 0.6421875 0.346875 0.15390625 0.07578125
0 0.60625 0.39296875 0.07578125 0.03203125
0 0.5015625 0.35234375 0.09296875 0.06328125
0 0.45234375 0.409375 0.140625 0.090625
0 0.4140625 0.4390625 0.0734375 0.0734375
0 0.3171875 0.375 0.1140625 0.07421875
0 0.3359375 0.35078125 0.1 0.11328125
0 0.32734375 0.42734375 0.109375 0.0609375
0 0.309375 0.5234375 0.140625 0.09921875
0 0.3671875 0.5359375 0.028125 0.02890625
0 0.45 0.53046875 0.1359375 0.0890625
0 0.6375 0.49609375 0.1375 0.115625
0 0.521875 0.49921875 0.09296875 0.103125
0 0.46953125 0.49296875 0.03203125 0.05859375
0 0.56640625 0.6484375 0.04375 0.06640625
0 0.63671875 0.6375 0.09453125 0.09375
0 0.47578125 0.61953125 0.13984375 0.1296875
0 0.3734375 0.653125 0.04453125 0.0953125
0 0.4296875 0.6578125 0.0921875 0.0875
0 0.28828125 0.65546875 0.13125 0.0890625
0 0.2796875 0.871875 0.1703125 0.10234375
0 0.2875 0.80859375 0.08984375 0.05234375
0 0.41875 0.82578125 0.103125 0.0875
0 0.5 0.83828125 0.13515625 0.09375
0 0.63125 0.82890625 0.125 0.1109375