0 0.125 0.37109375 0.128125 0.15546875
0 0.32265625 0.375 0.1421875 0.14375
0 0.1671875 0.51328125 0.10859375 0.1265625
0 0.18828125 0.71015625 0.10859375 0.0953125
0 0.17734375 0.6671875 0.0890625 0.08671875
0 0.69765625 0.3734375 0.13046875 0.15859375
0 0.54375 0.36640625 0.1453125 0.1453125
0 0.45 0.340625 0.103125 0.1734375
0 0.31953125 0.528125 0.10234375 0.13515625
0 0.3171875 0.4796875 0.07890625 0.059375
0 0.43984375 0.4984375 0.09296875 0.13046875
0 0.60859375 0.51484375 0.10703125 0.1328125
0 0.7625 0.5203125 0.1578125 0.14921875
0 0.12734375 0.55546875 0.11875 0.1359375
0 0.30078125 0.67890625 0.0875 0.0984375
0 0.26328125 0.55859375 0.0953125 0.13984375
0 0.39609375 0.7171875 0.08828125 0.159375
0 0.4828125 0.5703125 0.10546875 0.11796875
0 0.6 0.60625 0.071875 0.05
0 0.5078125 0.7 0.12890625 0.14765625
0 0.8046875 0.56484375 0.190625 0.11328125
0 0.7234375 0.65625 0.0765625 0.07578125
0 0.653125 0.68984375 0.09921875 0.12265625