0 0.40703125 0.4296875 0.09609375 0.1046875
0 0.43984375 0.303125 0.05625 0.0734375
0 0.49375 0.4453125 0.06953125 0.115625
0 0.41953125 0.5359375 0.09296875 0.1203125
0 0.50703125 0.3203125 0.078125 0.09609375
0 0.51328125 0.55703125 0.096875 0.10859375
0 0.42109375 0.6796875 0.0796875 0.11171875
0 0.43125 0.81328125 0.08203125 0.10703125
0 0.50703125 0.74765625 0.09453125 0.07421875
0 0.51328125 0.8640625 0.115625 0.0765625
0 0.60078125 0.62734375 0.07890625 0.07890625
0 0.67734375 0.65078125 0.0734375 0.115625
0 0.67734375 0.79375 0.08984375 0.115625
0 0.578125 0.82421875 0.084375 0.08359375
0 0.6109375 0.40234375 0.053125 0.125
0 0.66640625 0.4421875 0.08203125 0.09296875
0 0.6453125 0.28203125 0.04609375 0.1265625
0 0.5875 0.29921875 0.0703125 0.078125
0 0.678125 0.36328125 0.06875 0.05703125