0 0.365625 0.29609375 0.08828125 0.16171875
0 0.39296875 0.353125 0.04296875 0.090625
0 0.46328125 0.37890625 0.1140625 0.103125
0 0.54296875 0.3484375 0.096875 0.12890625
0 0.6375 0.3453125 0.09765625 0.12578125
0 0.659375 0.36640625 0.0796875 0.090625
0 0.65625 0.5234375 0.115625 0.0859375
0 0.61875 0.56796875 0.05078125 0.07734375
0 0.59921875 0.52265625 0.025 0.03359375
0 0.53984375 0.4828125 0.090625 0.12421875
0 0.46953125 0.46015625 0.11171875 0.13359375
0 0.40234375 0.50625 0.0265625 0.0265625
0 0.35390625 0.4609375 0.10390625 0.13984375
0 0.346875 0.63125 0.10078125 0.146875
0 0.34765625 0.7859375 0.09296875 0.1546875
0 0.396875 0.80390625 0.03828125 0.0671875
0 0.45078125 0.69296875 0.11171875 0.096875
0 0.47265625 0.79765625 0.11171875 0.103125
0 0.4453125 0.76015625 0.07421875 0.08203125
0 0.5546875 0.76171875 0.0890625 0.13515625
0 0.65390625 0.65625 0.128125 0.13203125
0 0.6125 0.65 0.07578125 0.08515625
0 0.6671875 0.78984375 0.13046875 0.1140625
0 0.6234375 0.84140625 0.05078125 0.053125
0 0.5265625 0.61328125 0.1 0.15234375
0 0.55859375 0.60078125 0.04921875 0.08984375
0 0.4375 0.56171875 0.05625 0.06796875