0 0.47734375 0.203125 0.13515625 0.196875
0 0.51640625 0.21640625 0.1125 0.1140625
0 0.37109375 0.27421875 0.0828125 0.08125
0 0.31875 0.2953125 0.1390625 0.11171875
0 0.23984375 0.284375 0.03203125 0.06015625
0 0.29765625 0.3765625 0.17421875 0.13203125
0 0.4390625 0.4390625 0.12734375 0.134375
0 0.43203125 0.52890625 0.10234375 0.13203125
0 0.49453125 0.4578125 0.08515625 0.146875
0 0.58125 0.40859375 0.04453125 0.0515625
0 0.5359375 0.43671875 0.08984375 0.09375
0 0.52109375 0.315625 0.1515625 0.1046875
0 0.31640625 0.5015625 0.1765625 0.14609375
0 0.29140625 0.553125 0.1609375 0.08984375
0 0.6859375 0.35546875 0.175 0.17578125
0 0.615625 0.31015625 0.03984375 0.0453125
0 0.68046875 0.26328125 0.13125 0.134375
0 0.6640625 0.56484375 0.1640625 0.1234375
0 0.6828125 0.671875 0.19609375 0.1546875
0 0.5015625 0.58515625 0.16171875 0.10625
0 0.48515625 0.74453125 0.1625 0.1359375
0 0.3109375 0.6921875 0.16484375 0.1296875
0 0.38046875 0.70625 0.05078125 0.08046875
0 0.3125 0.634375 0.14296875 0.1015625
0 0.48515625 0.646875 0.10625 0.06328125