0 0.32421875 0.33984375 0.1734375 0.09921875
0 0.48125 0.25078125 0.13046875 0.15390625
0 0.51015625 0.36953125 0.146875 0.1109375
0 0.671875 0.31484375 0.16796875 0.11953125
0 0.3046875 0.51796875 0.1734375 0.1375
0 0.328125 0.771875 0.16171875 0.1140625
0 0.31796875 0.69609375 0.1671875 0.12734375
0 0.35234375 0.59453125 0.1609375 0.1359375
0 0.4859375 0.79375 0.15078125 0.140625
0 0.51875 0.65390625 0.16796875 0.11171875
0 0.68203125 0.7171875 0.17890625 0.13671875
0 0.7 0.5828125 0.15625 0.12109375
0 0.68359375 0.44375 0.18125 0.134375
0 0.50234375 0.5109375 0.20078125 0.16015625