0 0.3578125 0.24609375 0.10390625 0.13984375
0 0.36171875 0.30390625 0.084375 0.06796875
0 0.478125 0.2703125 0.13984375 0.08984375
0 0.44140625 0.3375 0.071875 0.065625
0 0.5203125 0.32421875 0.11875 0.0796875
0 0.640625 0.29375 0.121875 0.10390625
0 0.6359375 0.4 0.10390625 0.1140625
0 0.63046875 0.48203125 0.0921875 0.04296875
0 0.63046875 0.45390625 0.09375 0.0578125
0 0.525 0.4140625 0.11875 0.103125
0 0.5453125 0.49453125 0.06484375 0.05703125
0 0.45703125 0.49609375 0.12109375 0.1109375
0 0.43359375 0.43671875 0.065625 0.03359375
0 0.346875 0.43046875 0.09921875 0.11875
0 0.35078125 0.559375 0.121875 0.13984375
0 0.4515625 0.578125 0.0796875 0.08671875
0 0.5390625 0.5765625 0.1265625 0.10390625
0 0.67421875 0.603125 0.14765625 0.10625
0 0.65546875 0.54296875 0.0734375 0.04921875
0 0.6421875 0.7515625 0.1109375 0.09375
0 0.6359375 0.7 0.07578125 0.05078125
0 0.52265625 0.775 0.1328125 0.12578125
0 0.54453125 0.65625 0.0734375 0.065625
0 0.46484375 0.68828125 0.11640625 0.14296875
0 0.44921875 0.7484375 0.08828125 0.053125
0 0.34140625 0.73828125 0.12421875 0.1140625