0 0.37578125 0.31484375 0.09921875 0.13359375
0 0.48203125 0.3234375 0.11328125 0.103125
0 0.3546875 0.50234375 0.115625 0.10078125
0 0.36328125 0.59375 0.12265625 0.12421875
0 0.5734375 0.29375 0.07109375 0.1734375
0 0.66640625 0.378125 0.12109375 0.0734375
0 0.55390625 0.4765625 0.10078125 0.11484375
0 0.6578125 0.4765625 0.1078125 0.11328125
0 0.46875 0.51875 0.1125 0.1078125
0 0.35234375 0.76953125 0.1265625 0.1203125
0 0.47265625 0.6296875 0.103125 0.0921875
0 0.5640625 0.60546875 0.1 0.146875
0 0.66015625 0.715625 0.11328125 0.12578125
0 0.46328125 0.81953125 0.10234375 0.1125
0 0.6515625 0.8125 0.11953125 0.09765625
0 0.54765625 0.81015625 0.1 0.109375
0 0.4765625 0.4046875 0.1078125 0.06640625