0 0.3375 0.2828125 0.1484375 0.09765625
0 0.33203125 0.39765625 0.12265625 0.13046875
0 0.3078125 0.51953125 0.1890625 0.13828125
0 0.4046875 0.4828125 0.00234375 0.00546875
0 0.4609375 0.33125 0.14609375 0.2546875
0 0.4765625 0.2296875 0.1515625 0.16484375
0 0.55234375 0.2734375 0.0921875 0.15234375
0 0.6671875 0.37109375 0.16171875 0.22890625
0 0.65078125 0.296875 0.0984375 0.10078125
0 0.52109375 0.403125 0.128125 0.1546875
0 0.55234375 0.3421875 0.078125 0.0609375
0 0.6703125 0.559375 0.12109375 0.16171875
0 0.61171875 0.6046875 0.02734375 0.034375
0 0.65703125 0.7046875 0.1484375 0.13203125
0 0.659375 0.7828125 0.1421875 0.0765625
0 0.63671875 0.80390625 0.0828125 0.0640625
0 0.53359375 0.746875 0.1203125 0.11796875
0 0.3640625 0.7109375 0.0671875 0.08203125
0 0.27890625 0.69921875 0.16640625 0.12734375
0 0.465625 0.64140625 0.14296875 0.18984375
0 0.4640625 0.703125 0.1234375 0.1140625
0 0.51328125 0.515625 0.18046875 0.22109375
0 0.33828125 0.59921875 0.13828125 0.0671875