0 0.6625 0.25234375 0.159375 0.13515625
0 0.66484375 0.36484375 0.14453125 0.1859375
0 0.65390625 0.540625 0.1609375 0.13125
0 0.68125 0.66171875 0.16484375 0.159375
0 0.51484375 0.7546875 0.14375 0.171875
0 0.56484375 0.7203125 0.06953125 0.09296875
0 0.4953125 0.65703125 0.15625 0.1609375
0 0.33671875 0.69765625 0.140625 0.159375
0 0.3515625 0.4984375 0.140625 0.1421875
0 0.490625 0.57890625 0.146875 0.08984375
0 0.52109375 0.5046875 0.1546875 0.18125
0 0.48828125 0.38046875 0.15859375 0.1375
0 0.32578125 0.3703125 0.1703125 0.1453125
0 0.3171875 0.2765625 0.18125 0.09140625
0 0.3703125 0.234375 0.08984375 0.103125
0 0.48046875 0.2078125 0.12890625 0.140625
0 0.50859375 0.26640625 0.1578125 0.109375