0 0.64375 0.290625 0.14140625 0.0984375
0 0.634375 0.34921875 0.11796875 0.053125
0 0.66171875 0.421875 0.13203125 0.09921875
0 0.5828125 0.42734375 0.03125 0.06171875
0 0.4890625 0.409375 0.1640625 0.11875
0 0.48984375 0.275 0.1578125 0.109375
0 0.47578125 0.34296875 0.15078125 0.07578125
0 0.39765625 0.34296875 0.02734375 0.0375
0 0.6484375 0.53828125 0.15625 0.1453125
0 0.615625 0.60234375 0.0546875 0.05078125
0 0.484375 0.53203125 0.17890625 0.13203125
0 0.4734375 0.47890625 0.15234375 0.10625
0 0.48046875 0.60390625 0.165625 0.11015625
0 0.4140625 0.5921875 0.05546875 0.07109375
0 0.67265625 0.734375 0.1640625 0.12265625
0 0.71875 0.85859375 0.00390625 0.00625
0 0.5984375 0.71484375 0.04140625 0.05390625
0 0.32265625 0.76015625 0.13671875 0.1171875
0 0.465625 0.69765625 0.15390625 0.13515625
0 0.55703125 0.70078125 0.04765625 0.090625
0 0.45078125 0.7703125 0.05078125 0.04765625
0 0.32421875 0.54375 0.12421875 0.13515625
0 0.33125 0.3875 0.13046875 0.14921875
0 0.33203125 0.309375 0.1046875 0.0875
0 0.3703125 0.42890625 0.065625 0.08671875