0 0.421875 0.24765625 0.04375 0.078125
0 0.49765625 0.1984375 0.1390625 0.17109375
0 0.50078125 0.26640625 0.11953125 0.08515625
0 0.328125 0.2578125 0.15703125 0.103125
0 0.3390625 0.32578125 0.15703125 0.05234375
0 0.4984375 0.353125 0.18515625 0.12109375
0 0.5984375 0.30625 0.0203125 0.040625
0 0.6890625 0.2703125 0.16171875 0.12421875
0 0.696875 0.3625 0.175 0.13125
0 0.7 0.4984375 0.1953125 0.16484375
0 0.69375 0.4140625 0.16953125 0.10234375
0 0.61953125 0.5546875 0.0421875 0.04453125
0 0.68125 0.66875 0.184375 0.17734375
0 0.4859375 0.7546875 0.2046875 0.109375
0 0.5453125 0.65390625 0.12265625 0.08359375
0 0.4625 0.7 0.134375 0.11875
0 0.46953125 0.60546875 0.04140625 0.08984375
0 0.515625 0.546875 0.1640625 0.13046875
0 0.4859375 0.51953125 0.1765625 0.1421875
0 0.290625 0.6796875 0.20390625 0.1109375
0 0.284375 0.59296875 0.2265625 0.09140625
0 0.33984375 0.47890625 0.15078125 0.09765625
0 0.33359375 0.409375 0.11171875 0.08359375
0 0.3296875 0.55078125 0.1171875 0.046875
0 0.41875 0.44921875 0.04296875 0.0515625