0 0.68515625 0.23125 0.16953125 0.2
0 0.5078125 0.36328125 0.1546875 0.14140625
0 0.571875 0.3140625 0.04765625 0.04296875
0 0.66015625 0.36875 0.11484375 0.20390625
0 0.5046875 0.26015625 0.1515625 0.13359375
0 0.41171875 0.28984375 0.0359375 0.07421875
0 0.33515625 0.2203125 0.1265625 0.18203125
0 0.690625 0.40625 0.13515625 0.12734375
0 0.73515625 0.26015625 0.046875 0.09140625
0 0.7484375 0.31640625 0.0609375 0.07578125
0 0.5328125 0.44375 0.15 0.07890625
0 0.675 0.55703125 0.1484375 0.1296875
0 0.64140625 0.53828125 0.1140625 0.13359375
0 0.5046875 0.48203125 0.16484375 0.090625
0 0.51796875 0.56796875 0.1515625 0.08515625
0 0.51171875 0.52421875 0.12109375 0.06796875
0 0.4828125 0.609375 0.14296875 0.09921875
0 0.690625 0.71796875 0.15 0.10078125
0 0.66640625 0.696875 0.1109375 0.0890625
0 0.49375 0.7171875 0.15390625 0.10078125
0 0.48046875 0.6953125 0.15625 0.11953125
0 0.5796875 0.69921875 0.0625 0.08359375
0 0.54765625 0.76640625 0.14296875 0.05078125
0 0.315625 0.68515625 0.171875 0.13203125
0 0.3359375 0.57265625 0.16953125 0.1078125
0 0.3578125 0.51875 0.1140625 0.0828125
0 0.32421875 0.371875 0.16484375 0.196875