0 0.31328125 0.396875 0.1921875 0.1515625
0 0.3328125 0.33046875 0.14375 0.0765625
0 0.359375 0.2890625 0.09453125 0.084375
0 0.3640625 0.46875 0.08828125 0.04765625
0 0.3625 0.51796875 0.09765625 0.09140625
0 0.32734375 0.60625 0.1734375 0.12578125
0 0.35234375 0.63515625 0.10390625 0.12265625
0 0.33046875 0.69140625 0.171875 0.12578125
0 0.484375 0.67421875 0.1359375 0.13125
0 0.54296875 0.70390625 0.1140625 0.07734375
0 0.51875 0.7578125 0.09609375 0.0546875
0 0.5265625 0.5890625 0.146875 0.103125
0 0.45234375 0.603125 0.0796875 0.0875
0 0.46796875 0.51796875 0.1046875 0.1140625
0 0.43984375 0.4515625 0.0640625 0.0578125
0 0.4859375 0.39765625 0.11328125 0.08046875
0 0.4828125 0.3578125 0.08984375 0.08828125
0 0.52890625 0.45 0.1359375 0.0890625
0 0.4578125 0.2546875 0.103125 0.13671875
0 0.51796875 0.25859375 0.1671875 0.15546875
0 0.55546875 0.23828125 0.08515625 0.12421875
0 0.65546875 0.259375 0.11171875 0.134375
0 0.64921875 0.36796875 0.1046875 0.1078125
0 0.67421875 0.4203125 0.15234375 0.10625
0 0.63984375 0.52265625 0.07265625 0.121875
0 0.5890625 0.590625 0.02109375 0.04375
0 0.6921875 0.61640625 0.2015625 0.10390625
0 0.65390625 0.67578125 0.08203125 0.06796875
0 0.67421875 0.75625 0.15625 0.11796875