0 0.70234375 0.78671875 0.19453125 0.128125
0 0.50859375 0.76796875 0.153125 0.09921875
0 0.37109375 0.7390625 0.1171875 0.09453125
0 0.31875 0.7140625 0.16015625 0.1296875
0 0.33515625 0.5625 0.17109375 0.1125
0 0.36796875 0.64375 0.1078125 0.0546875
0 0.68046875 0.684375 0.1421875 0.11796875
0 0.69140625 0.57734375 0.1875 0.09765625
0 0.68203125 0.47734375 0.1734375 0.1015625
0 0.68203125 0.28984375 0.15078125 0.153125
0 0.52578125 0.28671875 0.18515625 0.10078125
0 0.540625 0.4234375 0.13828125 0.1625
0 0.51953125 0.53828125 0.165625 0.171875
0 0.52890625 0.6421875 0.159375 0.18984375
0 0.3421875 0.30234375 0.18203125 0.09140625
0 0.54296875 0.22578125 0.1359375 0.22890625
0 0.35625 0.4140625 0.15 0.159375