0 0.34609375 0.43046875 0.140625 0.15859375
0 0.471875 0.38046875 0.11015625 0.246875
0 0.32890625 0.3609375 0.1703125 0.1078125
0 0.3421875 0.559375 0.14140625 0.15859375
0 0.49609375 0.609375 0.16953125 0.103125
0 0.4828125 0.51796875 0.13203125 0.06875
0 0.30859375 0.70859375 0.175 0.15078125
0 0.4734375 0.76171875 0.13125 0.13125
0 0.66171875 0.3171875 0.15546875 0.1390625
0 0.6578125 0.39140625 0.13984375 0.1984375
0 0.64609375 0.675 0.17890625 0.18125
0 0.65390625 0.74140625 0.12734375 0.0890625
0 0.6421875 0.80703125 0.121875 0.08828125
0 0.6515625 0.53671875 0.1265625 0.09609375
0 0.54765625 0.28828125 0.06953125 0.11484375
0 0.48515625 0.24609375 0.04609375 0.040625