0 0.31640625 0.2828125 0.16484375 0.1671875
0 0.3515625 0.2578125 0.13125 0.14921875
0 0.43828125 0.3015625 0.065625 0.0609375
0 0.525 0.2703125 0.15 0.17265625
0 0.48046875 0.27421875 0.0734375 0.0765625
0 0.52890625 0.34921875 0.15234375 0.0890625
0 0.5671875 0.2609375 0.10546875 0.1921875
0 0.6359375 0.3328125 0.04765625 0.046875
0 0.70390625 0.31328125 0.14921875 0.11640625
0 0.6859375 0.43671875 0.15078125 0.1265625
0 0.68828125 0.375 0.17421875 0.04765625
0 0.66875 0.553125 0.15 0.196875
0 0.6453125 0.54375 0.1234375 0.18671875
0 0.61640625 0.4625 0.03828125 0.071875
0 0.7078125 0.74765625 0.19453125 0.16015625
0 0.6296875 0.75234375 0.075 0.1203125
0 0.490625 0.8765625 0.17890625 0.075
0 0.47265625 0.759375 0.159375 0.14609375
0 0.4796875 0.80234375 0.13671875 0.07890625
0 0.53046875 0.7375 0.14765625 0.14296875
0 0.54609375 0.8265625 0.09453125 0.04140625
0 0.4265625 0.7234375 0.09453125 0.1828125
0 0.3 0.80703125 0.15625 0.1
0 0.36484375 0.80078125 0.04453125 0.046875
0 0.2984375 0.725 0.14609375 0.1046875
0 0.3046875 0.66640625 0.1234375 0.0609375
0 0.30625 0.57421875 0.1265625 0.146875
0 0.34453125 0.57109375 0.06328125 0.1015625
0 0.4765625 0.62578125 0.21640625 0.10859375
0 0.57578125 0.6140625 0.0296875 0.04609375
0 0.4734375 0.5640625 0.17734375 0.09453125
0 0.51015625 0.46640625 0.1828125 0.1046875
0 0.4953125 0.5015625 0.190625 0.084375
0 0.53125 0.39921875 0.1046875 0.05234375
0 0.42265625 0.4171875 0.08515625 0.1328125
0 0.3015625 0.459375 0.16015625 0.096875
0 0.303125 0.41171875 0.1421875 0.0890625
0 0.3421875 0.38828125 0.0703125 0.0859375