0 0.33828125 0.40078125 0.1828125 0.1421875
0 0.3359375 0.55390625 0.171875 0.1203125
0 0.34140625 0.7078125 0.171875 0.1421875
0 0.37265625 0.234375 0.15234375 0.1921875
0 0.4171875 0.259375 0.06171875 0.08203125
0 0.52109375 0.221875 0.14375 0.1828125
0 0.5421875 0.515625 0.1515625 0.1796875
0 0.4609375 0.6828125 0.06640625 0.12734375
0 0.35 0.7734375 0.1609375 0.0703125
0 0.51953125 0.70703125 0.14375 0.13203125
0 0.528125 0.81015625 0.15703125 0.08671875
0 0.7140625 0.66328125 0.15 0.1609375
0 0.7046875 0.22734375 0.1609375 0.23515625
0 0.71171875 0.375 0.159375 0.1671875
0 0.56875 0.38984375 0.125 0.125
0 0.6640625 0.503125 0.0953125 0.11796875
0 0.715625 0.51796875 0.17109375 0.14140625