0 0.303125 0.3109375 0.1640625 0.13125
0 0.371875 0.37734375 0.09609375 0.07578125
0 0.30390625 0.4 0.096875 0.05625
0 0.3140625 0.490625 0.14609375 0.1140625
0 0.309375 0.45234375 0.1578125 0.09453125
0 0.28046875 0.60234375 0.0875 0.14296875
0 0.340625 0.6265625 0.1140625 0.1125
0 0.50703125 0.6734375 0.190625 0.09921875
0 0.47890625 0.61796875 0.1609375 0.07734375
0 0.3203125 0.75390625 0.12109375 0.096875
0 0.3765625 0.81953125 0.05078125 0.04140625
0 0.27890625 0.8375 0.20390625 0.09453125
0 0.4671875 0.846875 0.1671875 0.0734375
0 0.46796875 0.775 0.1609375 0.121875
0 0.5078125 0.8140625 0.175 0.10234375
0 0.6984375 0.78359375 0.2 0.13671875
0 0.66328125 0.75 0.1046875 0.1
0 0.55859375 0.75078125 0.040625 0.06171875
0 0.6796875 0.65546875 0.15859375 0.1078125
0 0.72421875 0.59921875 0.140625 0.1
0 0.659375 0.58671875 0.06875 0.07578125
0 0.71171875 0.49765625 0.2 0.121875
0 0.58984375 0.51796875 0.04609375 0.05546875
0 0.4953125 0.54453125 0.18125 0.1203125
0 0.478125 0.45234375 0.17421875 0.1640625
0 0.69375 0.38828125 0.18359375 0.1078125
0 0.56640625 0.35078125 0.06640625 0.08359375
0 0.50859375 0.2953125 0.1109375 0.12578125
0 0.55546875 0.25859375 0.06640625 0.0765625
0 0.46328125 0.3875 0.103125 0.04921875
0 0.4515625 0.3484375 0.0921875 0.0515625