0 0.73359375 0.36484375 0.21484375 0.23125
0 0.7515625 0.57265625 0.23125 0.21796875
0 0.728125 0.7296875 0.19375 0.16484375
0 0.66875 0.64609375 0.0671875 0.0640625
0 0.6765625 0.8703125 0.078125 0.13515625
0 0.5875 0.82578125 0.09140625 0.08046875
0 0.5171875 0.85390625 0.1640625 0.11640625
0 0.5265625 0.775 0.20625 0.12265625
0 0.5421875 0.70859375 0.18984375 0.1125
0 0.36953125 0.86640625 0.05390625 0.1625
0 0.37109375 0.809375 0.09140625 0.08671875
0 0.5203125 0.66015625 0.22265625 0.10234375
0 0.53203125 0.5484375 0.14296875 0.1046875
0 0.5328125 0.5984375 0.12265625 0.0515625
0 0.45234375 0.625 0.06640625 0.0765625
0 0.321875 0.69375 0.165625 0.20625
0 0.3796875 0.68984375 0.11796875 0.2265625
0 0.54609375 0.4625 0.178125 0.153125
0 0.4609375 0.49453125 0.07890625 0.090625
0 0.33515625 0.53515625 0.19765625 0.07109375
0 0.328125 0.48359375 0.1859375 0.08984375
0 0.25859375 0.45703125 0.13828125 0.1421875
0 0.33671875 0.35078125 0.190625 0.30546875
0 0.2734375 0.40625 0.084375 0.15234375
0 0.3546875 0.2796875 0.15546875 0.121875
0 0.4578125 0.38515625 0.2109375 0.146875
0 0.50703125 0.184375 0.1578125 0.278125
0 0.4265625 0.18671875 0.0625 0.2453125
0 0.5265625 0.26875 0.15625 0.1140625