0 0.32890625 0.29765625 0.1515625 0.17265625
0 0.46171875 0.321875 0.11640625 0.15
0 0.35390625 0.42109375 0.09765625 0.05
0 0.34921875 0.38828125 0.11484375 0.07421875
0 0.540625 0.3078125 0.11953125 0.17578125
0 0.68984375 0.31171875 0.1765625 0.17109375
0 0.67265625 0.390625 0.146875 0.07578125
0 0.6828125 0.484375 0.175 0.146875
0 0.50390625 0.51015625 0.14140625 0.11953125
0 0.5515625 0.4921875 0.0875 0.12265625
0 0.5046875 0.640625 0.178125 0.13125
0 0.59296875 0.596875 0.0046875 0.00078125
0 0.4890625 0.42578125 0.14921875 0.19453125
0 0.3046875 0.54375 0.2 0.1265625
0 0.3265625 0.6453125 0.1375 0.121875
0 0.3546875 0.6640625 0.109375 0.0953125
0 0.3359375 0.746875 0.11875 0.15546875
0 0.33984375 0.82109375 0.1 0.0859375
0 0.5890625 0.81640625 0.03203125 0.05390625
0 0.4703125 0.79765625 0.16171875 0.13671875
0 0.48828125 0.85390625 0.19296875 0.11171875
0 0.43359375 0.94375 0.00859375 0.00234375
0 0.66953125 0.74453125 0.1484375 0.159375
0 0.6078125 0.890625 0.00546875 0.0046875
0 0.7015625 0.62421875 0.19921875 0.15859375
0 0.49453125 0.6953125 0.1859375 0.0953125
0 0.52890625 0.57578125 0.11171875 0.03984375
0 0.65390625 0.5515625 0.1125 0.0359375
0 0.56953125 0.40546875 0.04453125 0.05546875