0 0.35625 0.28671875 0.128125 0.12265625
0 0.32734375 0.43359375 0.1765625 0.13046875
0 0.46640625 0.259375 0.10546875 0.16171875
0 0.659375 0.225 0.11015625 0.25078125
0 0.36484375 0.56953125 0.13125 0.13203125
0 0.40703125 0.59453125 0.04765625 0.06328125
0 0.3359375 0.72265625 0.1484375 0.153125
0 0.378125 0.7359375 0.0765625 0.084375
0 0.55234375 0.45078125 0.12265625 0.121875
0 0.59453125 0.459375 0.0375 0.08125
0 0.69453125 0.459375 0.16015625 0.16875
0 0.5671875 0.3453125 0.0765625 0.090625
0 0.49921875 0.62421875 0.134375 0.125
0 0.47265625 0.72421875 0.12109375 0.12265625
0 0.6796875 0.71796875 0.16640625 0.1203125
0 0.68515625 0.62265625 0.14296875 0.0890625
0 0.5453125 0.55078125 0.1234375 0.1484375