0 0.5234375 0.2921875 0.209375 0.18359375
0 0.3609375 0.3 0.13515625 0.18203125
0 0.36875 0.2796875 0.1109375 0.23359375
0 0.353125 0.35390625 0.09375 0.08828125
0 0.7375 0.3359375 0.2453125 0.18984375
0 0.48515625 0.425 0.259375 0.1171875
0 0.56171875 0.36484375 0.1203125 0.13203125
0 0.675 0.47265625 0.14921875 0.22578125
0 0.71484375 0.4640625 0.16484375 0.2
0 0.54140625 0.48125 0.2046875 0.0984375
0 0.434375 0.56171875 0.19375 0.11953125
0 0.47578125 0.66015625 0.271875 0.1265625
0 0.56328125 0.6171875 0.128125 0.1734375
0 0.73671875 0.60078125 0.20859375 0.203125
0 0.721875 0.7609375 0.19921875 0.26015625
0 0.58046875 0.846875 0.0953125 0.09765625
0 0.48046875 0.8234375 0.2015625 0.15703125
0 0.56328125 0.7671875 0.09296875 0.0703125
0 0.63046875 0.77734375 0.05859375 0.071875
0 0.29921875 0.7671875 0.19140625 0.24375
0 0.39765625 0.84765625 0.053125 0.05
0 0.49765625 0.91953125 0.04609375 0.0515625
0 0.284375 0.6046875 0.24765625 0.19453125
0 0.31875 0.68125 0.1546875 0.06953125
0 0.27890625 0.4828125 0.18125 0.175
0 0.33671875 0.4625 0.0890625 0.11171875