0 0.31015625 0.43828125 0.190625 0.128125
0 0.3140625 0.3625 0.178125 0.06484375
0 0.34140625 0.2984375 0.1171875 0.05703125
0 0.3359375 0.55703125 0.16015625 0.1421875
0 0.309375 0.6484375 0.1625 0.20703125
0 0.51328125 0.3484375 0.1671875 0.2515625
0 0.4953125 0.51640625 0.1984375 0.17109375
0 0.50078125 0.55859375 0.15390625 0.08515625
0 0.49765625 0.265625 0.2046875 0.17578125
0 0.4828125 0.13203125 0.0921875 0.09140625
0 0.59609375 0.29765625 0.0359375 0.09453125
0 0.72421875 0.36796875 0.23203125 0.0859375
0 0.71015625 0.54921875 0.259375 0.1484375
0 0.65546875 0.49765625 0.11171875 0.05390625
0 0.4953125 0.6671875 0.2203125 0.13125
0 0.50390625 0.70625 0.23125 0.07578125
0 0.48203125 0.76640625 0.1828125 0.04921875
0 0.49296875 0.8296875 0.06328125 0.0734375
0 0.7234375 0.4453125 0.21171875 0.05234375
0 0.6875 0.68359375 0.153125 0.140625