0 0.4515625 0.30390625 0.22265625 0.18671875
0 0.6625 0.31875 0.20078125 0.1515625
0 0.39609375 0.3 0.0796875 0.1546875
0 0.29375 0.3921875 0.1421875 0.1046875
0 0.28984375 0.50703125 0.11796875 0.10703125
0 0.4296875 0.45546875 0.16484375 0.17265625
0 0.45625 0.55859375 0.203125 0.12109375
0 0.3609375 0.52265625 0.02734375 0.0546875
0 0.65 0.48984375 0.21171875 0.121875
0 0.61640625 0.43515625 0.1109375 0.1203125
0 0.60859375 0.571875 0.09296875 0.0484375
0 0.58984375 0.58828125 0.06953125 0.06640625
0 0.471875 0.6578125 0.22421875 0.13984375
0 0.49921875 0.765625 0.1234375 0.10625
0 0.453125 0.74609375 0.0609375 0.07578125
0 0.4171875 0.7140625 0.06171875 0.07265625
0 0.69921875 0.6828125 0.2375 0.14921875
0 0.6484375 0.90390625 0.15390625 0.1140625
0 0.6375 0.840625 0.1140625 0.0578125
0 0.60390625 0.81015625 0.06796875 0.0609375
0 0.525 0.8328125 0.0875 0.09140625
0 0.54140625 0.79375 0.04453125 0.08984375
0 0.45234375 0.84453125 0.1859375 0.0828125
0 0.26796875 0.67265625 0.16953125 0.11328125
0 0.31171875 0.6296875 0.07890625 0.06328125
0 0.31484375 0.5765625 0.090625 0.06484375
0 0.27578125 0.84453125 0.16875 0.08671875
0 0.31484375 0.7859375 0.0796875 0.11171875