0 0.6734375 0.7765625 0.1484375 0.2015625
0 0.72265625 0.628125 0.20078125 0.17734375
0 0.51953125 0.72578125 0.2046875 0.1140625
0 0.325 0.79609375 0.2125 0.15
0 0.7140625 0.30546875 0.17734375 0.1265625
0 0.684375 0.31796875 0.1421875 0.103125
0 0.6484375 0.41015625 0.0875 0.05234375
0 0.71875 0.45078125 0.1734375 0.15546875
0 0.5203125 0.60078125 0.203125 0.12734375
0 0.33125 0.653125 0.184375 0.21328125
0 0.5125 0.28046875 0.1921875 0.12890625
0 0.50546875 0.215625 0.1765625 0.07265625
0 0.50859375 0.41484375 0.18359375 0.12265625
0 0.45078125 0.46875 0.10390625 0.10234375
0 0.52890625 0.52890625 0.14296875 0.05546875
0 0.3359375 0.3875 0.16171875 0.25546875
0 0.31640625 0.515625 0.18046875 0.21484375