0 0.31171875 0.33671875 0.18359375 0.1984375
0 0.38359375 0.26640625 0.06171875 0.05078125
0 0.61171875 0.29453125 0.0625 0.0609375
0 0.53515625 0.3 0.16640625 0.1203125
0 0.73046875 0.3484375 0.16875 0.15703125
0 0.446875 0.30859375 0.08203125 0.10859375
0 0.49921875 0.240625 0.15625 0.0359375
0 0.53125 0.20859375 0.084375 0.04140625
0 0.453125 0.221875 0.0703125 0.04453125
0 0.4859375 0.4 0.1703125 0.0765625
0 0.5203125 0.53515625 0.1828125 0.2265625
0 0.51953125 0.45 0.16640625 0.11171875
0 0.7078125 0.50390625 0.17734375 0.17265625
0 0.675 0.5 0.13203125 0.1421875
0 0.55703125 0.76484375 0.1078125 0.11015625
0 0.465625 0.81015625 0.1859375 0.203125
0 0.6921875 0.80625 0.16640625 0.1859375
0 0.6421875 0.69296875 0.06875 0.05625
0 0.7109375 0.634375 0.17421875 0.140625
0 0.56015625 0.60859375 0.1171875 0.10859375
0 0.48828125 0.6859375 0.17890625 0.1125
0 0.28515625 0.734375 0.16640625 0.1078125
0 0.3328125 0.753125 0.10625 0.078125
0 0.2921875 0.60859375 0.1984375 0.16953125
0 0.43671875 0.49765625 0.08515625 0.1734375
0 0.4140625 0.58125 0.040625 0.0859375
0 0.29765625 0.48125 0.2140625 0.18515625