0 0.3140625 0.3375 0.1515625 0.103125
0 0.3046875 0.45078125 0.190625 0.10625
0 0.5125 0.2890625 0.1609375 0.1359375
0 0.42578125 0.34609375 0.13359375 0.0921875
0 0.66796875 0.3390625 0.13828125 0.11015625
0 0.62578125 0.34921875 0.0796875 0.084375
0 0.4734375 0.48359375 0.15078125 0.10625
0 0.5390625 0.42109375 0.13828125 0.1703125
0 0.684375 0.525 0.14140625 0.12265625
0 0.35 0.53046875 0.12421875 0.203125
0 0.30546875 0.57890625 0.17109375 0.15234375
0 0.32890625 0.76875 0.146875 0.11328125
0 0.3546875 0.71015625 0.0875 0.11015625
0 0.53125 0.77265625 0.14609375 0.12578125
0 0.709375 0.7875 0.1921875 0.1125
0 0.69296875 0.65703125 0.2015625 0.121875
0 0.52109375 0.64609375 0.14765625 0.1109375
0 0.48515625 0.60390625 0.1890625 0.09375
0 0.34375 0.28046875 0.0765625 0.07578125