0 0.346875 0.2921875 0.13515625 0.14453125
0 0.39140625 0.32109375 0.06640625 0.065625
0 0.328125 0.43203125 0.171875 0.12265625
0 0.33046875 0.6203125 0.16015625 0.09921875
0 0.36953125 0.5640625 0.0953125 0.07890625
0 0.346875 0.76484375 0.1375 0.08984375
0 0.38125 0.7375 0.0875 0.0734375
0 0.365625 0.7 0.090625 0.0609375
0 0.475 0.3375 0.140625 0.09609375
0 0.53984375 0.26171875 0.12421875 0.159375
0 0.6796875 0.35625 0.1375 0.10703125
0 0.609375 0.33046875 0.0359375 0.0375
0 0.56171875 0.40390625 0.109375 0.153125
0 0.61875 0.48671875 0.03671875 0.0390625
0 0.67578125 0.53125 0.12421875 0.1296875
0 0.48046875 0.446875 0.14921875 0.1109375
0 0.6921875 0.6421875 0.17890625 0.1109375
0 0.56171875 0.58203125 0.08359375 0.1140625
0 0.684375 0.740625 0.17421875 0.0734375
0 0.65078125 0.82578125 0.109375 0.1234375
0 0.48828125 0.70390625 0.128125 0.1265625
0 0.49375 0.7640625 0.09375 0.06328125
0 0.54609375 0.6859375 0.10859375 0.1515625
0 0.49453125 0.53203125 0.14609375 0.14140625
0 0.49921875 0.58828125 0.06953125 0.05546875