0 0.32890625 0.22421875 0.134375 0.1546875
0 0.40625 0.2359375 0.03203125 0.08046875
0 0.48046875 0.2140625 0.1359375 0.14609375
0 0.6390625 0.290625 0.0953125 0.09453125
0 0.521875 0.265625 0.12578125 0.0828125
0 0.3265625 0.41015625 0.1546875 0.09375
0 0.3234375 0.5 0.16796875 0.15390625
0 0.3265625 0.66171875 0.1578125 0.134375
0 0.49765625 0.70390625 0.17421875 0.08359375
0 0.503125 0.77734375 0.1578125 0.0890625
0 0.6828125 0.73984375 0.18671875 0.09296875
0 0.678125 0.653125 0.1640625 0.08359375
0 0.4625 0.6140625 0.11640625 0.1328125
0 0.4953125 0.51328125 0.1609375 0.11484375
0 0.4953125 0.5421875 0.16953125 0.071875
0 0.6609375 0.5765625 0.11953125 0.05859375
0 0.66484375 0.5125 0.13671875 0.096875
0 0.690625 0.46328125 0.17421875 0.109375
0 0.50859375 0.42265625 0.1890625 0.0515625
0 0.5140625 0.365625 0.1796875 0.1015625