0 0.38828125 0.284375 0.0453125 0.09609375
0 0.3 0.284375 0.16015625 0.11015625
0 0.4890625 0.26484375 0.20859375 0.16171875
0 0.6484375 0.346875 0.13046875 0.09765625
0 0.5015625 0.40078125 0.19609375 0.1796875
0 0.67890625 0.50625 0.16484375 0.13984375
0 0.675 0.60859375 0.1625 0.10390625
0 0.4984375 0.5265625 0.19140625 0.20078125
0 0.47578125 0.5625 0.1734375 0.14453125
0 0.31171875 0.58203125 0.1640625 0.109375
0 0.303125 0.7015625 0.17265625 0.18046875
0 0.36640625 0.60234375 0.05625 0.0625
0 0.30625 0.5078125 0.16328125 0.175
0 0.30078125 0.78125 0.16796875 0.0890625
0 0.5 0.76875 0.1859375 0.10546875
0 0.7 0.7609375 0.21328125 0.11640625
0 0.47890625 0.8421875 0.14140625 0.05625
0 0.6703125 0.81484375 0.14453125 0.071875
0 0.63203125 0.834375 0.08125 0.0859375
0 0.66953125 0.6734375 0.125 0.0796875
0 0.62265625 0.67578125 0.05234375 0.06640625
0 0.653125 0.528125 0.07890625 0.07734375
0 0.63671875 0.53359375 0.065625 0.0859375
0 0.56484375 0.5078125 0.03984375 0.046875
0 0.33359375 0.39375 0.11328125 0.1203125
0 0.37109375 0.45 0.03046875 0.03515625
0 0.37109375 0.4796875 0.0265625 0.0328125
0 0.45859375 0.25 0.134375 0.16484375