0 0.484375 0.6203125 0.08671875 0.109375
0 0.41171875 0.52578125 0.07734375 0.06640625
0 0.48828125 0.5171875 0.07265625 0.0921875
0 0.42265625 0.371875 0.07578125 0.0953125
0 0.49609375 0.446875 0.10078125 0.05078125
0 0.5328125 0.53671875 0.06171875 0.04375
0 0.53671875 0.590625 0.06796875 0.05
0 0.5671875 0.57421875 0.0296875 0.0265625
0 0.5265625 0.3671875 0.1 0.09609375
0 0.575 0.44375 0.071875 0.05546875
0 0.66796875 0.38046875 0.059375 0.06171875
0 0.68359375 0.43828125 0.08046875 0.0453125
0 0.65703125 0.50859375 0.04375 0.08828125
0 0.6953125 0.52734375 0.09453125 0.0453125
0 0.66171875 0.5953125 0.04921875 0.07265625
0 0.8203125 0.5046875 0.103125 0.09375
0 0.81796875 0.590625 0.103125 0.06796875
0 0.759375 0.59921875 0.0453125 0.0765625
0 0.76015625 0.371875 0.02578125 0.07734375
0 0.77265625 0.4390625 0.07109375 0.04609375
0 0.784375 0.3671875 0.03203125 0.08359375