0 0.40078125 0.38046875 0.18359375 0.07578125
0 0.53515625 0.46796875 0.1578125 0.07578125
0 0.4546875 0.48828125 0.1328125 0.109375
0 0.47421875 0.43828125 0.06171875 0.03515625
0 0.5453125 0.365625 0.11953125 0.115625
0 0.57890625 0.4015625 0.08125 0.059375
0 0.65625 0.390625 0.1359375 0.0890625
0 0.765625 0.39921875 0.16796875 0.07734375
0 0.81875 0.38984375 0.0625 0.084375
0 0.8484375 0.5109375 0.07421875 0.09765625
0 0.8421875 0.459375 0.05703125 0.03828125
0 0.69296875 0.52109375 0.096875 0.0796875
0 0.6859375 0.47578125 0.103125 0.07109375
0 0.7921875 0.52578125 0.10390625 0.10703125
0 0.78515625 0.609375 0.05546875 0.04140625
0 0.45703125 0.57734375 0.08046875 0.0328125
0 0.528125 0.628125 0.1421875 0.10625
0 0.63828125 0.634375 0.159375 0.10390625
0 0.578125 0.57265625 0.07578125 0.0328125
0 0.4015625 0.6359375 0.1390625 0.09296875
0 0.73046875 0.634375 0.1265625 0.0703125
0 0.8265625 0.6140625 0.02421875 0.03828125