0 0.6828125 0.4125 0.1328125 0.12109375
0 0.5328125 0.353125 0.15546875 0.13203125
0 0.4671875 0.40234375 0.09921875 0.08359375
0 0.328125 0.48046875 0.15234375 0.1578125
0 0.37578125 0.40234375 0.0765625 0.06484375
0 0.34140625 0.58046875 0.1359375 0.10390625
0 0.44921875 0.49296875 0.0765625 0.11796875
0 0.48984375 0.58203125 0.16328125 0.11328125
0 0.534375 0.51484375 0.1140625 0.12109375
0 0.528125 0.46171875 0.1078125 0.090625
0 0.6640625 0.58984375 0.1515625 0.121875
0 0.64609375 0.6828125 0.121875 0.103125
0 0.5703125 0.7296875 0.03671875 0.08203125
0 0.50390625 0.6890625 0.1609375 0.1078125
0 0.45234375 0.63984375 0.07734375 0.103125
0 0.34609375 0.68671875 0.1390625 0.1140625
0 0.346875 0.7875 0.1140625 0.084375
0 0.303125 0.87265625 0.18671875 0.1265625
0 0.48671875 0.82734375 0.1984375 0.1
0 0.45078125 0.76171875 0.09375 0.1046875
0 0.53671875 0.78203125 0.1078125 0.084375
0 0.55703125 0.85703125 0.07578125 0.07890625
0 0.43046875 0.8609375 0.05859375 0.0640625
0 0.67265625 0.8140625 0.1796875 0.11640625
0 0.6546875 0.86640625 0.11796875 0.08046875