0 0.471875 0.36328125 0.078125 0.08828125
0 0.459375 0.44765625 0.08515625 0.07421875
0 0.596875 0.36328125 0.0828125 0.08046875
0 0.56640625 0.43515625 0.07421875 0.06640625
0 0.675 0.43515625 0.096875 0.05234375
0 0.71328125 0.36484375 0.09140625 0.08125
0 0.71015625 0.3828125 0.06484375 0.04140625
0 0.815625 0.36171875 0.07578125 0.08359375
0 0.48203125 0.528125 0.0703125 0.07265625
0 0.440625 0.59921875 0.0890625 0.07109375
0 0.59140625 0.5078125 0.09765625 0.08125
0 0.5828125 0.5984375 0.0796875 0.0734375
0 0.5828125 0.57890625 0.090625 0.06171875
0 0.53125 0.5953125 0.03515625 0.0546875
0 0.69140625 0.60078125 0.09375 0.0703125
0 0.715625 0.52734375 0.09609375 0.06875
0 0.8109375 0.44609375 0.07421875 0.075
0 0.83359375 0.42421875 0.046875 0.03671875
0 0.83515625 0.5234375 0.08671875 0.06796875
0 0.790625 0.59609375 0.08125 0.0765625
0 0.81328125 0.578125 0.0484375 0.0421875