0 0.46171875 0.3640625 0.08203125 0.09140625
0 0.41484375 0.44765625 0.10859375 0.06953125
0 0.59453125 0.35625 0.0953125 0.11875
0 0.4296875 0.62421875 0.09609375 0.1
0 0.78125 0.38203125 0.08984375 0.06953125
0 0.79375 0.5109375 0.0796875 0.084375
0 0.81796875 0.4609375 0.08828125 0.08046875
0 0.68046875 0.36796875 0.07421875 0.07578125
0 0.67265625 0.45625 0.09296875 0.071875
0 0.58203125 0.50859375 0.08046875 0.09765625
0 0.496875 0.54453125 0.096875 0.05234375
0 0.68359375 0.52890625 0.08046875 0.0703125
0 0.76796875 0.62265625 0.11484375 0.125
0 0.7859375 0.5609375 0.053125 0.03046875
0 0.68046875 0.63984375 0.08046875 0.12109375
0 0.5359375 0.621875 0.096875 0.09609375
0 0.5609375 0.57734375 0.07578125 0.04140625
0 0.5015625 0.4640625 0.165625 0.0875