0 0.353125 0.43046875 0.13984375 0.13046875
0 0.46640625 0.42109375 0.08671875 0.12421875
0 0.553125 0.38203125 0.13125 0.1375
0 0.3828125 0.559375 0.1078125 0.10859375
0 0.34609375 0.58984375 0.115625 0.0890625
0 0.69296875 0.41875 0.14609375 0.121875
0 0.52265625 0.5359375 0.1609375 0.11796875
0 0.675 0.57578125 0.13828125 0.0984375
0 0.68046875 0.6734375 0.11953125 0.103125
0 0.6703125 0.728125 0.10078125 0.05078125
0 0.6015625 0.7046875 0.03125 0.03984375
0 0.690625 0.82890625 0.13671875 0.11640625
0 0.64765625 0.88125 0.05234375 0.06484375
0 0.559375 0.7921875 0.125 0.1203125
0 0.5734375 0.88046875 0.071875 0.053125
0 0.50703125 0.83203125 0.10078125 0.1390625
0 0.46171875 0.82578125 0.0734375 0.12109375
0 0.3609375 0.815625 0.12421875 0.14375
0 0.53828125 0.66796875 0.12578125 0.11796875
0 0.46015625 0.6984375 0.08515625 0.1046875
0 0.3390625 0.67265625 0.159375 0.1390625