0 0.67578125 0.35390625 0.1640625 0.115625
0 0.6546875 0.42578125 0.1109375 0.046875
0 0.5171875 0.3671875 0.165625 0.0984375
0 0.534375 0.33515625 0.11484375 0.08359375
0 0.41953125 0.3890625 0.0390625 0.06015625
0 0.49765625 0.41953125 0.15078125 0.08046875
0 0.65546875 0.5328125 0.12421875 0.0921875
0 0.66875 0.48359375 0.08828125 0.06796875
0 0.5203125 0.5390625 0.15546875 0.096875
0 0.49140625 0.5109375 0.15234375 0.13046875
0 0.53046875 0.48828125 0.10234375 0.07734375
0 0.33359375 0.35390625 0.1453125 0.12421875
0 0.378125 0.35390625 0.06484375 0.06875
0 0.34765625 0.471875 0.1484375 0.14296875
0 0.39921875 0.4484375 0.02265625 0.06640625
0 0.3546875 0.53046875 0.1203125 0.07734375
0 0.33046875 0.6734375 0.15859375 0.1
0 0.32265625 0.79453125 0.16796875 0.1078125
0 0.3515625 0.75546875 0.10703125 0.1015625
0 0.3828125 0.86640625 0.0375 0.0640625
0 0.43125 0.85234375 0.05234375 0.09609375
0 0.51484375 0.83671875 0.15390625 0.10234375
0 0.52734375 0.74609375 0.1421875 0.159375
0 0.65859375 0.80859375 0.12734375 0.09375
0 0.725 0.8046875 0.059375 0.096875
0 0.66640625 0.70234375 0.14921875 0.09609375
0 0.6640625 0.63359375 0.07578125 0.05703125
0 0.5203125 0.64609375 0.15078125 0.1171875
0 0.4375 0.64453125 0.0546875 0.103125