0 0.36484375 0.4703125 0.14140625 0.10390625
0 0.37734375 0.75703125 0.13203125 0.1234375
0 0.48515625 0.775 0.07734375 0.1046875
0 0.540625 0.48359375 0.09765625 0.1328125
0 0.64453125 0.7859375 0.12109375 0.0875
0 0.3703125 0.58671875 0.121875 0.0890625
0 0.5046875 0.66484375 0.12109375 0.0921875
0 0.440625 0.41640625 0.03671875 0.11484375
0 0.61484375 0.4609375 0.05546875 0.075
0 0.66484375 0.5546875 0.12734375 0.1140625
0 0.659375 0.70546875 0.13671875 0.0734375
0 0.3796875 0.6640625 0.12265625 0.06015625
0 0.5375 0.8203125 0.10859375 0.10390625
0 0.47109375 0.36015625 0.0765625 0.1625