0 0.3453125 0.47734375 0.13203125 0.11484375
0 0.35546875 0.74375 0.1234375 0.0921875
0 0.45625 0.76953125 0.07890625 0.09140625
0 0.615625 0.35390625 0.11640625 0.1578125
0 0.49921875 0.42265625 0.13515625 0.075
0 0.3578125 0.61796875 0.11953125 0.15625
0 0.5109375 0.6453125 0.11953125 0.07890625
0 0.5203125 0.51015625 0.1109375 0.10234375
0 0.63046875 0.728125 0.10703125 0.11640625
0 0.63203125 0.64921875 0.11796875 0.0859375
0 0.5171875 0.746875 0.1140625 0.11640625
0 0.45078125 0.58125 0.05546875 0.08984375
0 0.63984375 0.45625 0.12734375 0.16015625