0 0.51015625 0.43828125 0.15390625 0.1109375
0 0.63203125 0.3984375 0.09765625 0.15859375
0 0.65078125 0.54140625 0.1359375 0.1046875
0 0.36640625 0.478125 0.1359375 0.09609375
0 0.49921875 0.66796875 0.1 0.0765625
0 0.38515625 0.628125 0.12578125 0.1265625
0 0.35859375 0.77109375 0.14921875 0.11015625
0 0.65703125 0.7578125 0.1515625 0.12734375
0 0.63828125 0.70859375 0.1203125 0.1046875
0 0.47890625 0.815625 0.08203125 0.08125
0 0.496875 0.53125 0.1125 0.1078125
0 0.39765625 0.68828125 0.0796875 0.0890625