0 0.70234375 0.8203125 0.178125 0.11953125
0 0.584375 0.77578125 0.071875 0.10078125
0 0.43984375 0.77734375 0.06484375 0.1109375
0 0.49375 0.8078125 0.10078125 0.09140625
0 0.3265625 0.76875 0.1765625 0.121875
0 0.36796875 0.66875 0.11015625 0.07734375
0 0.353125 0.590625 0.1515625 0.16640625
0 0.509375 0.66484375 0.1890625 0.11640625
0 0.70078125 0.7078125 0.1984375 0.128125
0 0.68203125 0.63359375 0.1375 0.059375
0 0.67734375 0.54375 0.15859375 0.11328125
0 0.5125 0.56953125 0.17890625 0.1203125
0 0.346875 0.36875 0.16640625 0.12109375
0 0.3515625 0.46796875 0.14140625 0.15234375
0 0.40078125 0.38125 0.0359375 0.059375
0 0.63125 0.38671875 0.08984375 0.08671875
0 0.68828125 0.384375 0.103125 0.0984375
0 0.6734375 0.44140625 0.08359375 0.0609375
0 0.52265625 0.4390625 0.14609375 0.19375
0 0.52734375 0.29375 0.15078125 0.2