0 0.61875 0.3953125 0.078125 0.0671875
0 0.65859375 0.40625 0.08984375 0.0890625
0 0.52734375 0.33046875 0.11171875 0.134375
0 0.434375 0.37265625 0.06328125 0.05390625
0 0.471875 0.3890625 0.10390625 0.0890625
0 0.33515625 0.36328125 0.1390625 0.13828125
0 0.35390625 0.4234375 0.1046875 0.06484375
0 0.39140625 0.53203125 0.07265625 0.07890625
0 0.35390625 0.52265625 0.10234375 0.09765625
0 0.47421875 0.49140625 0.103125 0.13203125
0 0.584375 0.53828125 0.05078125 0.053125
0 0.5453125 0.496875 0.0875 0.1125
0 0.665625 0.5578125 0.128125 0.13203125
0 0.653125 0.4984375 0.08828125 0.05703125
0 0.64609375 0.63828125 0.09921875 0.1046875
0 0.6359375 0.7984375 0.07421875 0.0859375
0 0.6734375 0.76953125 0.1 0.1203125
0 0.55546875 0.70625 0.096875 0.140625
0 0.5359375 0.7984375 0.13828125 0.12109375
0 0.48203125 0.6484375 0.13125 0.1109375
0 0.465625 0.75390625 0.09375 0.13359375
0 0.3515625 0.834375 0.13671875 0.1484375
0 0.39375 0.68046875 0.06484375 0.06953125
0 0.3546875 0.6640625 0.1078125 0.1125