0 0.38125 0.49140625 0.1390625 0.08984375
0 0.38515625 0.57890625 0.1359375 0.07109375
0 0.3796875 0.7125 0.11875 0.059375
0 0.3890625 0.6640625 0.115625 0.05703125
0 0.3859375 0.78046875 0.1234375 0.06875
0 0.44609375 0.671875 0.03984375 0.1921875
0 0.51640625 0.765625 0.12421875 0.07265625
0 0.5 0.57109375 0.09296875 0.0796875
0 0.57421875 0.4015625 0.0703125 0.10546875
0 0.67421875 0.42578125 0.128125 0.09375
0 0.54609375 0.45546875 0.1046875 0.0703125
0 0.50546875 0.4125 0.11875 0.1265625
0 0.5921875 0.56875 0.0296875 0.0421875
0 0.55078125 0.659375 0.1046875 0.06796875
0 0.65625 0.559375 0.1015625 0.08359375
0 0.5359375 0.6921875 0.1046875 0.0375
0 0.6671875 0.67109375 0.128125 0.07109375
0 0.6640625 0.64921875 0.121875 0.071875
0 0.54296875 0.821875 0.125 0.0765625
0 0.6046875 0.8 0.0203125 0.04765625
0 0.68046875 0.77109375 0.1421875 0.08515625