0 0.49921875 0.340625 0.15859375 0.13046875
0 0.4 0.40546875 0.04140625 0.06328125
0 0.3078125 0.37265625 0.1453125 0.12109375
0 0.58828125 0.38203125 0.0265625 0.0375
0 0.6703125 0.371875 0.153125 0.1109375
0 0.50234375 0.44921875 0.16640625 0.096875
0 0.5671875 0.5375 0.0609375 0.06171875
0 0.509375 0.59921875 0.13515625 0.14765625
0 0.4984375 0.5046875 0.1171875 0.09609375
0 0.6609375 0.58359375 0.11953125 0.13046875
0 0.5859375 0.65625 0.03359375 0.04921875
0 0.39296875 0.675 0.028125 0.05546875
0 0.3078125 0.75234375 0.1734375 0.09453125
0 0.30234375 0.703125 0.15 0.053125
0 0.30390625 0.653125 0.1484375 0.0890625
0 0.3140625 0.53125 0.1703125 0.1203125
0 0.3140625 0.80859375 0.14765625 0.0328125
0 0.47265625 0.8046875 0.14765625 0.05859375
0 0.46875 0.76015625 0.15625 0.09453125
0 0.57265625 0.81484375 0.05546875 0.08515625
0 0.67265625 0.71953125 0.16328125 0.090625
0 0.6859375 0.68359375 0.17265625 0.09765625
0 0.6890625 0.8515625 0.17265625 0.1125
0 0.653125 0.778125 0.08671875 0.0453125
0 0.34375 0.8265625 0.096875 0.04296875
0 0.4265625 0.53984375 0.06484375 0.075