0 0.765625 0.190625 0.2296875 0.15546875
0 0.584375 0.20546875 0.12109375 0.1296875
0 0.525 0.30078125 0.1515625 0.13984375
0 0.74453125 0.41328125 0.2421875 0.134375
0 0.74140625 0.615625 0.23828125 0.14375
0 0.5109375 0.5953125 0.1953125 0.13984375
0 0.73515625 0.79375 0.24921875 0.13046875
0 0.5078125 0.8453125 0.20859375 0.20390625
0 0.27265625 0.8171875 0.1890625 0.2171875
0 0.2875 0.6546875 0.21875 0.171875
0 0.33828125 0.27578125 0.1578125 0.1296875
0 0.26953125 0.41953125 0.20390625 0.13203125
0 0.5078125 0.44453125 0.2125 0.15234375
0 0.73125 0.28671875 0.17109375 0.046875
0 0.71875 0.49453125 0.15625 0.08203125