0 0.3375 0.2984375 0.17421875 0.10390625
0 0.4421875 0.31796875 0.05 0.05078125
0 0.51171875 0.28125 0.14375 0.0921875
0 0.35390625 0.48046875 0.15234375 0.08359375
0 0.33515625 0.4171875 0.18828125 0.121875
0 0.3359375 0.73046875 0.16015625 0.115625
0 0.3390625 0.64921875 0.1796875 0.05625
0 0.346875 0.6015625 0.15625 0.0625
0 0.3671875 0.58359375 0.1078125 0.08984375
0 0.496875 0.82421875 0.1453125 0.1328125
0 0.64921875 0.78984375 0.0921875 0.1078125
0 0.51796875 0.7265625 0.1734375 0.0859375
0 0.7046875 0.73046875 0.1578125 0.10859375
0 0.52421875 0.62734375 0.16875 0.08984375
0 0.70078125 0.64296875 0.17109375 0.09609375
0 0.5015625 0.5203125 0.1484375 0.090625
0 0.52578125 0.47734375 0.17421875 0.09453125
0 0.703125 0.48125 0.1703125 0.0828125
0 0.52890625 0.3703125 0.1609375 0.1078125
0 0.6 0.3265625 0.05859375 0.05859375
0 0.728125 0.3375 0.178125 0.1234375