0 0.4625 0.26875 0.1203125 0.184375
0 0.40625 0.3171875 0.04765625 0.08515625
0 0.3 0.3390625 0.178125 0.10078125
0 0.4078125 0.471875 0.034375 0.05078125
0 0.446875 0.44375 0.08125 0.13046875
0 0.30859375 0.50078125 0.1703125 0.0921875
0 0.325 0.55078125 0.16015625 0.0640625
0 0.3109375 0.621875 0.1671875 0.0953125
0 0.359375 0.60703125 0.1 0.090625
0 0.34375 0.80703125 0.11328125 0.06796875
0 0.2859375 0.82109375 0.1375 0.12734375
0 0.32578125 0.7515625 0.08515625 0.04921875
0 0.434375 0.7296875 0.1234375 0.096875
0 0.49375 0.7890625 0.16328125 0.0953125
0 0.5671875 0.815625 0.04765625 0.05390625
0 0.50625 0.84609375 0.0859375 0.04140625
0 0.66171875 0.8640625 0.1640625 0.165625
0 0.6390625 0.7515625 0.12109375 0.1171875
0 0.65546875 0.79609375 0.0421875 0.0609375
0 0.4921875 0.671875 0.14453125 0.08828125
0 0.521875 0.634375 0.13203125 0.10625
0 0.6140625 0.640625 0.0640625 0.06640625
0 0.684375 0.6296875 0.15 0.1171875
0 0.4703125 0.57109375 0.12265625 0.14140625
0 0.546875 0.553125 0.059375 0.06640625
0 0.58203125 0.49140625 0.03203125 0.03984375
0 0.68359375 0.50703125 0.190625 0.09921875
0 0.6890625 0.3671875 0.1640625 0.09140625
0 0.59296875 0.35546875 0.0328125 0.06015625
0 0.66328125 0.41015625 0.15546875 0.046875
0 0.5203125 0.40625 0.1109375 0.08671875
0 0.540625 0.36875 0.1046875 0.11015625
0 0.54296875 0.45859375 0.0765625 0.0921875