0 0.64921875 0.47734375 0.103125 0.11796875
0 0.65703125 0.44609375 0.1359375 0.059375
0 0.6921875 0.3984375 0.18984375 0.07734375
0 0.5109375 0.36015625 0.159375 0.165625
0 0.503125 0.48046875 0.16796875 0.08359375
0 0.35546875 0.4203125 0.11953125 0.0796875
0 0.35546875 0.5421875 0.15703125 0.13125
0 0.5046875 0.5765625 0.14765625 0.140625
0 0.65546875 0.68046875 0.16953125 0.1015625
0 0.6359375 0.61328125 0.11875 0.07890625
0 0.32578125 0.81171875 0.15703125 0.153125
0 0.32421875 0.7203125 0.1421875 0.103125
0 0.35 0.67421875 0.0890625 0.10078125
0 0.53046875 0.67734375 0.07734375 0.06171875
0 0.49765625 0.81640625 0.15390625 0.10546875
0 0.484375 0.75078125 0.15625 0.0875
0 0.6453125 0.759375 0.15625 0.08515625
0 0.6578125 0.83671875 0.1734375 0.09453125
0 0.59453125 0.86015625 0.04375 0.04296875
0 0.4921875 0.9046875 0.1703125 0.09609375