0 0.49140625 0.3359375 0.15546875 0.1453125
0 0.584375 0.38359375 0.02734375 0.0328125
0 0.64375 0.37265625 0.11875 0.08203125
0 0.60859375 0.44296875 0.0546875 0.0359375
0 0.628125 0.41953125 0.09609375 0.01953125
0 0.49375 0.43359375 0.16328125 0.10703125
0 0.35 0.38828125 0.12578125 0.08515625
0 0.35859375 0.478125 0.1359375 0.14453125
0 0.48828125 0.52578125 0.15078125 0.13984375
0 0.61015625 0.5359375 0.09375 0.06171875
0 0.628125 0.603125 0.12890625 0.08515625
0 0.625 0.7078125 0.13828125 0.1203125
0 0.621875 0.66640625 0.11640625 0.0625
0 0.65703125 0.82109375 0.13359375 0.103125
0 0.59375 0.79140625 0.05859375 0.05703125
0 0.4734375 0.8015625 0.146875 0.10390625
0 0.32109375 0.7859375 0.1515625 0.11171875
0 0.32265625 0.67734375 0.14140625 0.096875
0 0.34921875 0.625 0.08359375 0.065625
0 0.36640625 0.61953125 0.04609375 0.0796875
0 0.446875 0.671875 0.09609375 0.090625
0 0.49765625 0.7265625 0.10234375 0.06875
0 0.4859375 0.634375 0.13125 0.12578125