0 0.38359375 0.46640625 0.04609375 0.046875
0 0.34375 0.4546875 0.096875 0.0953125
0 0.459375 0.4421875 0.10234375 0.12578125
0 0.509375 0.45 0.07890625 0.09296875
0 0.60234375 0.4515625 0.09765625 0.10703125
0 0.5875 0.459375 0.08359375 0.059375
0 0.6 0.546875 0.10703125 0.125
0 0.59296875 0.60546875 0.090625 0.06015625
0 0.50546875 0.559375 0.084375 0.08125
0 0.49765625 0.60234375 0.09140625 0.05390625
0 0.4375 0.559375 0.0765625 0.1140625
0 0.35546875 0.5921875 0.090625 0.0625
0 0.35234375 0.56328125 0.07421875 0.0515625
0 0.35390625 0.690625 0.08828125 0.1078125
0 0.37265625 0.703125 0.0671875 0.053125
0 0.3578125 0.7875 0.07109375 0.0859375
0 0.359375 0.84375 0.0796875 0.0578125
0 0.44296875 0.8140625 0.09140625 0.109375
0 0.50390625 0.83515625 0.096875 0.10703125
0 0.54921875 0.8265625 0.028125 0.03359375
0 0.45546875 0.696875 0.09921875 0.1109375
0 0.484375 0.703125 0.11328125 0.1
0 0.50390625 0.75390625 0.0828125 0.03515625
0 0.55390625 0.70859375 0.034375 0.0359375
0 0.59140625 0.696875 0.090625 0.1078125
0 0.61953125 0.82109375 0.121875 0.12265625
0 0.5921875 0.86953125 0.06953125 0.04609375