0 0.65625 0.8953125 0.11328125 0.0953125
0 0.54765625 0.8296875 0.0890625 0.0921875
0 0.359375 0.8484375 0.1046875 0.0859375
0 0.38046875 0.70859375 0.0875 0.09609375
0 0.353125 0.7390625 0.08828125 0.06796875
0 0.45078125 0.74921875 0.071875 0.07734375
0 0.46171875 0.83359375 0.1 0.071875
0 0.43828125 0.82734375 0.0515625 0.07109375
0 0.53671875 0.73671875 0.0828125 0.0765625
0 0.5828125 0.740625 0.0359375 0.05625
0 0.646875 0.71640625 0.0984375 0.0828125
0 0.4765625 0.6375 0.1046875 0.08359375
0 0.4640625 0.62734375 0.07265625 0.08125
0 0.37421875 0.6 0.09921875 0.08515625
0 0.37734375 0.459375 0.07890625 0.0890625
0 0.40078125 0.48203125 0.0578125 0.08046875
0 0.46640625 0.48515625 0.08828125 0.0953125
0 0.53515625 0.46015625 0.09921875 0.08359375
0 0.64921875 0.49765625 0.10859375 0.09375
0 0.62890625 0.46796875 0.0796875 0.0796875
0 0.64140625 0.62890625 0.1078125 0.0703125
0 0.5421875 0.559375 0.09140625 0.10625
0 0.5640625 0.565625 0.0609375 0.10703125