0 0.365625 0.4078125 0.121875 0.08984375
0 0.33984375 0.6578125 0.153125 0.08515625
0 0.33359375 0.56640625 0.14296875 0.09765625
0 0.50078125 0.3953125 0.128125 0.11015625
0 0.5890625 0.42890625 0.04765625 0.04921875
0 0.640625 0.44765625 0.1109375 0.11953125
0 0.465625 0.5203125 0.12578125 0.1296875
0 0.67109375 0.5640625 0.0734375 0.0875
0 0.6 0.60078125 0.07109375 0.178125
0 0.340625 0.76875 0.134375 0.09921875
0 0.46640625 0.6421875 0.08984375 0.10390625
0 0.46796875 0.7765625 0.12265625 0.11015625
0 0.49921875 0.84296875 0.125 0.128125
0 0.625 0.76484375 0.12890625 0.1265625
0 0.49765625 0.71171875 0.1359375 0.10234375
0 0.59375 0.78359375 0.05625 0.078125