0 0.45 0.62109375 0.1046875 0.103125
0 0.3296875 0.803125 0.121875 0.13203125
0 0.32578125 0.853125 0.12890625 0.06796875
0 0.3625 0.7296875 0.08046875 0.046875
0 0.34375 0.65 0.11796875 0.13671875
0 0.3421875 0.52109375 0.11328125 0.13671875
0 0.353125 0.4140625 0.11328125 0.1140625
0 0.37421875 0.396875 0.0828125 0.14921875
0 0.4609375 0.86796875 0.140625 0.09609375
0 0.49140625 0.8171875 0.13515625 0.10234375
0 0.6328125 0.8984375 0.140625 0.09375
0 0.590625 0.86796875 0.059375 0.04609375
0 0.615625 0.92578125 0.07578125 0.08046875
0 0.45546875 0.72734375 0.09921875 0.07734375
0 0.640625 0.69609375 0.13203125 0.1109375
0 0.60703125 0.71484375 0.0703125 0.05078125
0 0.50703125 0.6640625 0.12421875 0.1359375
0 0.64453125 0.57734375 0.1484375 0.0828125
0 0.4796875 0.5109375 0.14921875 0.1078125
0 0.48984375 0.42734375 0.13359375 0.08671875
0 0.6265625 0.45078125 0.13203125 0.1015625
0 0.61640625 0.48984375 0.1078125 0.05859375
0 0.5796875 0.44375 0.040625 0.0421875