0 0.3703125 0.37421875 0.1359375 0.1203125
0 0.4484375 0.390625 0.05234375 0.0875
0 0.52734375 0.3828125 0.14296875 0.09453125
0 0.66796875 0.43125 0.13359375 0.0890625
0 0.6453125 0.3875 0.1015625 0.07734375
0 0.640625 0.49921875 0.11796875 0.121875
0 0.64765625 0.584375 0.125 0.146875
0 0.64140625 0.6515625 0.11953125 0.078125
0 0.6359375 0.7234375 0.08671875 0.13359375
0 0.52265625 0.8328125 0.1390625 0.096875
0 0.4578125 0.80390625 0.07265625 0.05390625
0 0.5125 0.7546875 0.1046875 0.0671875
0 0.3671875 0.7515625 0.10078125 0.0890625
0 0.34453125 0.80390625 0.1578125 0.11171875
0 0.36171875 0.62578125 0.13046875 0.13671875
0 0.415625 0.6828125 0.0421875 0.04140625
0 0.5171875 0.64375 0.1296875 0.09921875
0 0.44921875 0.63828125 0.03828125 0.06640625
0 0.515625 0.70859375 0.16796875 0.07734375
0 0.45859375 0.7609375 0.04453125 0.05859375
0 0.50859375 0.5515625 0.14609375 0.096875
0 0.51171875 0.4671875 0.10234375 0.07890625
0 0.4515625 0.49140625 0.0390625 0.06796875
0 0.3859375 0.52890625 0.11328125 0.09765625
0 0.3625 0.55390625 0.090625 0.13125
0 0.3890625 0.465625 0.0953125 0.10703125