0 0.24765625 0.31640625 0.19765625 0.12890625
0 0.4109375 0.253125 0.1265625 0.12890625
0 0.259375 0.2609375 0.1203125 0.03671875
0 0.259375 0.23515625 0.07109375 0.02734375
0 0.47890625 0.21875 0.18359375 0.20703125
0 0.459375 0.37109375 0.215625 0.15703125
0 0.48984375 0.33359375 0.17890625 0.11328125
0 0.35 0.47890625 0.03828125 0.0625
0 0.23984375 0.4328125 0.2109375 0.18515625
0 0.47109375 0.4921875 0.20703125 0.11171875
0 0.709375 0.32578125 0.25703125 0.13359375
0 0.68984375 0.42890625 0.225 0.1296875
0 0.66875 0.5078125 0.21171875 0.08671875
0 0.62421875 0.5484375 0.09609375 0.12578125
0 0.6828125 0.62265625 0.2078125 0.0859375
0 0.66953125 0.69609375 0.1875 0.1125
0 0.68828125 0.840625 0.22578125 0.11640625
0 0.63671875 0.9 0.10703125 0.10390625
0 0.4453125 0.8703125 0.1515625 0.09453125
0 0.459375 0.7765625 0.21015625 0.1578125
0 0.5359375 0.82578125 0.090625 0.06640625
0 0.3546875 0.84375 0.0375 0.040625
0 0.25234375 0.83984375 0.18125 0.10390625
0 0.2609375 0.8984375 0.1984375 0.0953125
0 0.27890625 0.65078125 0.190625 0.1234375
0 0.303125 0.6046875 0.1203125 0.07578125
0 0.47265625 0.6375 0.21484375 0.128125