0 0.30546875 0.71796875 0.21484375 0.20390625
0 0.30625 0.596875 0.1875 0.1703125
0 0.3109375 0.44453125 0.18203125 0.18828125
0 0.32421875 0.27578125 0.15625 0.21484375
0 0.3140625 0.3375 0.1875 0.1171875
0 0.46640625 0.88671875 0.16171875 0.11640625
0 0.52265625 0.834375 0.22890625 0.12890625
0 0.71796875 0.7828125 0.19296875 0.1390625
0 0.50546875 0.6265625 0.221875 0.0921875
0 0.53046875 0.68046875 0.1546875 0.0984375
0 0.525 0.565625 0.2359375 0.0984375
0 0.503125 0.50078125 0.20546875 0.1171875
0 0.71875 0.5875 0.19453125 0.18515625
0 0.5453125 0.4890625 0.1375 0.078125
0 0.71015625 0.42109375 0.19453125 0.15859375
0 0.52265625 0.38046875 0.23203125 0.1015625
0 0.475 0.2890625 0.20625 0.0859375
0 0.7140625 0.30078125 0.2078125 0.13515625