0 0.325 0.25625 0.10390625 0.228125
0 0.26796875 0.31953125 0.1890625 0.17421875
0 0.43671875 0.290625 0.13828125 0.2109375
0 0.52890625 0.28359375 0.16015625 0.2046875
0 0.603125 0.36015625 0.03046875 0.0453125
0 0.70078125 0.31328125 0.16640625 0.171875
0 0.66484375 0.453125 0.12890625 0.20859375
0 0.71171875 0.52109375 0.1984375 0.1546875
0 0.7 0.68828125 0.1734375 0.13828125
0 0.70703125 0.80703125 0.13515625 0.159375
0 0.653125 0.82109375 0.12109375 0.13671875
0 0.5734375 0.69453125 0.07890625 0.11015625
0 0.52578125 0.87578125 0.140625 0.11015625
0 0.44765625 0.840625 0.12578125 0.1140625
0 0.471875 0.7859375 0.1546875 0.115625
0 0.48125 0.72421875 0.1796875 0.09296875
0 0.42265625 0.69609375 0.09609375 0.0984375
0 0.296875 0.79921875 0.1484375 0.18671875
0 0.34765625 0.79921875 0.07890625 0.14375
0 0.31171875 0.66171875 0.1265625 0.1421875
0 0.3078125 0.60703125 0.13515625 0.1140625
0 0.2859375 0.484375 0.15703125 0.1484375
0 0.33359375 0.48984375 0.10078125 0.09921875
0 0.43125 0.46640625 0.1078125 0.13515625
0 0.5078125 0.409375 0.07578125 0.09921875
0 0.509375 0.51328125 0.17890625 0.153125
0 0.49453125 0.63125 0.1484375 0.18125