0 0.5 0.1890625 0.18046875 0.2453125
0 0.67265625 0.22890625 0.13671875 0.22265625
0 0.49296875 0.29765625 0.23203125 0.1453125
0 0.7046875 0.32265625 0.1984375 0.1265625
0 0.69375 0.4453125 0.20390625 0.1828125
0 0.6875 0.596875 0.19375 0.18359375
0 0.6890625 0.7375 0.20234375 0.16328125
0 0.6171875 0.634375 0.053125 0.0578125
0 0.68671875 0.84375 0.2046875 0.0984375
0 0.45078125 0.8796875 0.1734375 0.11484375
0 0.4875 0.8609375 0.18828125 0.0953125
0 0.4953125 0.93828125 0.09453125 0.0484375
0 0.48515625 0.7671875 0.18203125 0.13046875
0 0.503125 0.734375 0.15 0.1
0 0.26953125 0.8 0.18671875 0.17890625
0 0.359375 0.9140625 0.0046875 0.01328125
0 0.2859375 0.6609375 0.1671875 0.0984375
0 0.37421875 0.75234375 0.00703125 0.00703125
0 0.4828125 0.6375 0.21015625 0.115625
0 0.43125 0.53125 0.3046875 0.121875
0 0.29296875 0.4953125 0.12890625 0.1203125
0 0.3140625 0.3265625 0.11796875 0.12109375
0 0.45625 0.40859375 0.14296875 0.13984375
0 0.525 0.4328125 0.17421875 0.12890625