0 0.33515625 0.25078125 0.1484375 0.16484375
0 0.33515625 0.43125 0.140625 0.13046875
0 0.3296875 0.49453125 0.1546875 0.09296875
0 0.3046875 0.70078125 0.2078125 0.09765625
0 0.296875 0.628125 0.20546875 0.12421875
0 0.3609375 0.5921875 0.10703125 0.0875
0 0.30625 0.81640625 0.1828125 0.1203125
0 0.30859375 0.846875 0.1859375 0.10625
0 0.51484375 0.82421875 0.215625 0.11875
0 0.509375 0.6953125 0.18359375 0.13046875
0 0.50859375 0.58125 0.20390625 0.134375
0 0.52265625 0.4953125 0.18828125 0.1109375
0 0.51640625 0.3359375 0.2046875 0.12421875
0 0.5171875 0.2390625 0.1875 0.2328125
0 0.6875 0.35859375 0.12421875 0.0953125
0 0.73046875 0.25546875 0.2234375 0.1421875
0 0.6859375 0.83515625 0.1171875 0.10234375
0 0.715625 0.7734375 0.1921875 0.09921875
0 0.73359375 0.6984375 0.18125 0.10703125
0 0.65625 0.6609375 0.0875 0.06484375
0 0.7046875 0.55703125 0.184375 0.11796875
0 0.709375 0.453125 0.17890625 0.1046875