0 0.6171875 0.28125 0.0578125 0.07109375
0 0.7421875 0.25 0.1953125 0.209375
0 0.50859375 0.22578125 0.2015625 0.17734375
0 0.303125 0.29140625 0.18359375 0.1265625
0 0.23203125 0.28203125 0.16640625 0.125
0 0.35390625 0.34609375 0.10390625 0.12265625
0 0.5046875 0.1796875 0.209375 0.171875
0 0.51953125 0.30703125 0.1640625 0.0859375
0 0.48046875 0.45078125 0.2671875 0.1375
0 0.521875 0.3859375 0.1109375 0.084375
0 0.2546875 0.475 0.2171875 0.1421875
0 0.2671875 0.55 0.203125 0.1140625
0 0.73203125 0.43984375 0.22421875 0.12578125
0 0.678125 0.409375 0.0953125 0.06640625
0 0.8171875 0.471875 0.10625 0.1078125
0 0.7203125 0.56875 0.23359375 0.15546875
0 0.50078125 0.61015625 0.21015625 0.140625
0 0.42421875 0.62578125 0.190625 0.1234375
0 0.2515625 0.63984375 0.19765625 0.12890625
0 0.21796875 0.7515625 0.203125 0.11328125
0 0.3140625 0.77734375 0.15078125 0.11171875
0 0.67265625 0.76796875 0.140625 0.1171875
0 0.4875 0.81875 0.2484375 0.1203125
0 0.49453125 0.74453125 0.2125 0.0734375
0 0.75078125 0.715625 0.24296875 0.1734375
0 0.68828125 0.6765625 0.13984375 0.12890625