0 0.70625 0.665625 0.15234375 0.10390625
0 0.6828125 0.32578125 0.128125 0.11875
0 0.34453125 0.6546875 0.1484375 0.09375
0 0.6640625 0.4625 0.10703125 0.1203125
0 0.6890625 0.5421875 0.13046875 0.1015625
0 0.5890625 0.64453125 0.0734375 0.1109375
0 0.3546875 0.7703125 0.11171875 0.11484375
0 0.36328125 0.5203125 0.12421875 0.10234375
0 0.3515625 0.415625 0.12890625 0.09140625
0 0.4578125 0.3234375 0.0921875 0.1609375
0 0.57265625 0.3296875 0.084375 0.10234375
0 0.55625 0.5203125 0.1109375 0.0765625
0 0.459375 0.65234375 0.0765625 0.09765625
0 0.46484375 0.8109375 0.09296875 0.08359375
0 0.46328125 0.90390625 0.14453125 0.07734375
0 0.60078125 0.8328125 0.1234375 0.0859375
0 0.67734375 0.76796875 0.0921875 0.09140625