0 0.35 0.27734375 0.1453125 0.159375
0 0.3375 0.43984375 0.15078125 0.14609375
0 0.3390625 0.578125 0.16484375 0.1203125
0 0.33984375 0.72578125 0.14921875 0.1609375
0 0.66328125 0.31171875 0.1328125 0.146875
0 0.67265625 0.475 0.15234375 0.13203125
0 0.6625 0.62890625 0.16875 0.1125
0 0.5296875 0.33984375 0.13515625 0.115625
0 0.49609375 0.315625 0.14453125 0.109375
0 0.52890625 0.47109375 0.13515625 0.115625
0 0.47890625 0.4734375 0.13203125 0.1140625
0 0.48046875 0.5875 0.134375 0.1046875
0 0.67109375 0.74609375 0.165625 0.1265625
0 0.4921875 0.715625 0.1546875 0.1328125
0 0.4984375 0.828125 0.15546875 0.0859375