0 0.3234375 0.3 0.18359375 0.12734375
0 0.38671875 0.259375 0.06328125 0.0671875
0 0.34140625 0.4703125 0.1890625 0.12578125
0 0.37734375 0.42890625 0.11328125 0.06015625
0 0.31015625 0.59453125 0.1859375 0.11171875
0 0.50859375 0.57734375 0.1890625 0.11484375
0 0.4203125 0.521875 0.05546875 0.05625
0 0.33828125 0.765625 0.1515625 0.18984375
0 0.6953125 0.75546875 0.18046875 0.16171875
0 0.690625 0.5828125 0.17265625 0.11640625
0 0.51640625 0.2078125 0.1671875 0.14140625
0 0.67734375 0.34296875 0.1359375 0.14375
0 0.68984375 0.46796875 0.16796875 0.11796875
0 0.5 0.33203125 0.17109375 0.12109375
0 0.5203125 0.45703125 0.1734375 0.12109375
0 0.5078125 0.6734375 0.1859375 0.08359375
0 0.521875 0.74375 0.16796875 0.08359375