0 0.32109375 0.41171875 0.17734375 0.13046875
0 0.3515625 0.3875 0.11484375 0.109375
0 0.2921875 0.54609375 0.18828125 0.11953125
0 0.47265625 0.5671875 0.17109375 0.12421875
0 0.30625 0.690625 0.190625 0.13671875
0 0.290625 0.81796875 0.190625 0.12578125
0 0.31328125 0.89765625 0.15546875 0.1109375
0 0.47578125 0.92890625 0.1703125 0.1421875
0 0.41796875 0.88984375 0.0515625 0.0671875
0 0.6984375 0.8359375 0.203125 0.13125
0 0.50390625 0.846875 0.1890625 0.103125
0 0.525 0.84296875 0.14296875 0.090625
0 0.646875 0.84765625 0.08515625 0.065625
0 0.53359375 0.7328125 0.16328125 0.1265625
0 0.54921875 0.5015625 0.1203125 0.11484375
0 0.70390625 0.6515625 0.196875 0.140625
0 0.63046875 0.67734375 0.0578125 0.05390625
0 0.71328125 0.52109375 0.20625 0.1171875
0 0.66015625 0.51484375 0.09765625 0.090625
0 0.725 0.3953125 0.228125 0.12890625
0 0.63203125 0.3828125 0.04609375 0.053125
0 0.51640625 0.39921875 0.2 0.09609375
0 0.52734375 0.3625 0.1703125 0.115625
0 0.49296875 0.2984375 0.16796875 0.1484375