0 0.296875 0.33046875 0.2234375 0.12421875
0 0.2875 0.45859375 0.21328125 0.12421875
0 0.27421875 0.57109375 0.24453125 0.13828125
0 0.2953125 0.71875 0.184375 0.15
0 0.38671875 0.2828125 0.059375 0.08828125
0 0.49296875 0.77265625 0.246875 0.103125
0 0.5296875 0.8859375 0.19921875 0.1609375
0 0.50234375 0.703125 0.21875 0.1890625
0 0.725 0.79375 0.2125 0.14453125
0 0.7578125 0.5875 0.259375 0.16328125
0 0.53203125 0.56875 0.19609375 0.15546875
0 0.49453125 0.459375 0.23125 0.1234375
0 0.46484375 0.3703125 0.11796875 0.0609375
0 0.7140625 0.425 0.209375 0.11640625
0 0.52734375 0.2625 0.2171875 0.14296875
0 0.559375 0.21953125 0.1421875 0.17578125
0 0.75234375 0.26171875 0.2296875 0.14296875
0 0.64140625 0.3796875 0.0640625 0.1875