0 0.3265625 0.34375 0.15625 0.1421875
0 0.37265625 0.32578125 0.0765625 0.12890625
0 0.3421875 0.46953125 0.13203125 0.14453125
0 0.35703125 0.603125 0.10703125 0.159375
0 0.3921875 0.50703125 0.05 0.04375
0 0.3609375 0.61796875 0.09140625 0.11875
0 0.35625 0.765625 0.125 0.16328125
0 0.41875 0.7765625 0.040625 0.11328125
0 0.43671875 0.67890625 0.06171875 0.08125
0 0.45859375 0.5 0.084375 0.09921875
0 0.46796875 0.31328125 0.1078125 0.2265625
0 0.52578125 0.45859375 0.1015625 0.10703125
0 0.53984375 0.33515625 0.13203125 0.16953125
0 0.696875 0.32109375 0.13046875 0.1640625
0 0.6375 0.44296875 0.071875 0.2046875
0 0.696875 0.44296875 0.1203125 0.165625
0 0.54140625 0.571875 0.1578125 0.128125
0 0.5359375 0.68125 0.16796875 0.10703125
0 0.59296875 0.66796875 0.0609375 0.0703125
0 0.6875 0.60859375 0.11796875 0.16484375
0 0.534375 0.825 0.1390625 0.11796875
0 0.5265625 0.83046875 0.165625 0.13046875
0 0.6859375 0.7609375 0.1578125 0.18671875
0 0.83515625 0.91875 0.0046875 0.00234375
0 0.64609375 0.77421875 0.08046875 0.1515625