0 0.1109375 0.38828125 0.1375 0.11015625
0 0.2984375 0.37734375 0.1125 0.128125
0 0.1828125 0.678125 0.08984375 0.1
0 0.29765625 0.6875 0.1 0.13203125
0 0.43359375 0.69140625 0.0625 0.1296875
0 0.42734375 0.39921875 0.08515625 0.11171875
0 0.6796875 0.396875 0.075 0.11328125
0 0.1796875 0.56796875 0.1 0.08671875
0 0.16875 0.490625 0.0875 0.06796875
0 0.3 0.5046875 0.06484375 0.096875
0 0.4125 0.5125 0.0703125 0.1015625
0 0.54765625 0.52890625 0.1046875 0.11171875
0 0.66484375 0.66953125 0.075 0.11171875
0 0.74765625 0.58359375 0.1 0.096875
0 0.54140625 0.678125 0.0875 0.11015625
0 0.6109375 0.58984375 0.12734375 0.096875
0 0.6828125 0.50859375 0.11015625 0.09296875
0 0.3359375 0.5828125 0.09765625 0.05859375
0 0.5375 0.41171875 0.08515625 0.11015625