0 0.35703125 0.24453125 0.15859375 0.18984375
0 0.5140625 0.2265625 0.1390625 0.196875
0 0.36171875 0.3671875 0.14765625 0.08671875
0 0.33671875 0.4671875 0.196875 0.103125
0 0.33046875 0.59453125 0.18984375 0.1171875
0 0.325 0.69609375 0.190625 0.14453125
0 0.51015625 0.375 0.18984375 0.0828125
0 0.71796875 0.46328125 0.18125 0.07578125
0 0.55390625 0.56640625 0.140625 0.13515625
0 0.72734375 0.5703125 0.20078125 0.115625
0 0.5125 0.72109375 0.18125 0.1171875
0 0.6875 0.72578125 0.1640625 0.09140625
0 0.709375 0.81875 0.171875 0.10078125
0 0.69453125 0.3109375 0.19765625 0.1140625
0 0.52578125 0.47109375 0.18515625 0.08046875
0 0.4984375 0.5125 0.14375 0.09921875