0 0.3390625 0.4328125 0.1984375 0.190625
0 0.3859375 0.31875 0.103125 0.0921875
0 0.484375 0.2171875 0.115625 0.23671875
0 0.65859375 0.25 0.1015625 0.18203125
0 0.54453125 0.48203125 0.1265625 0.14453125
0 0.690625 0.42734375 0.16796875 0.15859375
0 0.63828125 0.44921875 0.0703125 0.12890625
0 0.37734375 0.70859375 0.12109375 0.16953125
0 0.41484375 0.75234375 0.04140625 0.084375
0 0.36015625 0.60546875 0.13671875 0.10546875
0 0.54140625 0.6546875 0.1453125 0.109375
0 0.5265625 0.80234375 0.16484375 0.1421875
0 0.68984375 0.68828125 0.1515625 0.175
0 0.69609375 0.55703125 0.16796875 0.0890625
0 0.49375 0.58828125 0.14140625 0.10625
0 0.58984375 0.38671875 0.0546875 0.13125