0 0.37421875 0.83828125 0.1046875 0.0734375
0 0.41796875 0.8515625 0.03828125 0.0515625
0 0.47578125 0.84765625 0.0828125 0.0671875
0 0.5453125 0.846875 0.0953125 0.0734375
0 0.65234375 0.84453125 0.10625 0.08515625
0 0.37578125 0.72265625 0.09375 0.0671875
0 0.4578125 0.75703125 0.06171875 0.10625
0 0.48125 0.72578125 0.0765625 0.07265625
0 0.57265625 0.753125 0.0890625 0.07578125
0 0.5640625 0.696875 0.05625 0.0453125
0 0.66015625 0.65 0.08828125 0.12578125
0 0.3890625 0.5625 0.09609375 0.08203125
0 0.38359375 0.48515625 0.09296875 0.071875
0 0.46640625 0.56328125 0.0578125 0.0671875
0 0.5546875 0.57421875 0.08203125 0.0859375
0 0.60234375 0.590625 0.025 0.03203125
0 0.6609375 0.5609375 0.0953125 0.08984375
0 0.46328125 0.45703125 0.07265625 0.09921875
0 0.45 0.44375 0.04140625 0.11328125
0 0.54453125 0.4640625 0.0859375 0.0859375
0 0.62734375 0.43828125 0.09296875 0.08984375
0 0.59921875 0.453125 0.0296875 0.0453125