0 0.67578125 0.37890625 0.14296875 0.13984375
0 0.71484375 0.34375 0.18515625 0.14296875
0 0.4921875 0.2875 0.178125 0.13828125
0 0.38984375 0.27109375 0.034375 0.06640625
0 0.528125 0.25546875 0.1671875 0.19140625
0 0.29375 0.284375 0.1921875 0.17734375
0 0.55234375 0.3734375 0.09140625 0.04921875
0 0.26015625 0.4515625 0.22265625 0.1484375
0 0.390625 0.4859375 0.05078125 0.07890625
0 0.515625 0.50859375 0.20859375 0.1390625
0 0.5140625 0.4421875 0.15859375 0.1015625
0 0.70078125 0.50546875 0.19921875 0.14609375
0 0.709375 0.63984375 0.1828125 0.1375
0 0.575 0.6875 0.0953125 0.0984375
0 0.659375 0.86171875 0.11796875 0.10546875
0 0.6984375 0.77421875 0.18671875 0.16484375
0 0.5140625 0.87578125 0.1703125 0.140625
0 0.29140625 0.85625 0.16875 0.13984375
0 0.28359375 0.77734375 0.1640625 0.090625
0 0.471875 0.76796875 0.1984375 0.1796875
0 0.28046875 0.62890625 0.20390625 0.1765625
0 0.35703125 0.6875 0.07890625 0.078125
0 0.31875 0.57578125 0.12734375 0.1390625
0 0.509375 0.65390625 0.175 0.1390625