0 0.5640625 0.3375 0.0765625 0.07109375
0 0.7015625 0.36875 0.1953125 0.15546875
0 0.45703125 0.3109375 0.20078125 0.1609375
0 0.45859375 0.2265625 0.11484375 0.1125
0 0.33515625 0.3390625 0.04453125 0.05078125
0 0.25546875 0.35078125 0.15703125 0.14296875
0 0.4734375 0.43984375 0.22734375 0.16015625
0 0.684375 0.52109375 0.19453125 0.11015625
0 0.55390625 0.63828125 0.090625 0.08671875
0 0.70546875 0.6390625 0.21015625 0.1375
0 0.4578125 0.59921875 0.17890625 0.15546875
0 0.27421875 0.553125 0.17734375 0.13984375
0 0.30078125 0.646875 0.134375 0.10234375
0 0.4515625 0.67265625 0.16484375 0.0984375
0 0.28203125 0.859375 0.14765625 0.1625
0 0.465625 0.8625 0.21953125 0.13515625
0 0.44609375 0.753125 0.17109375 0.10859375
0 0.56015625 0.8734375 0.0609375 0.09140625
0 0.68359375 0.84375 0.18828125 0.1140625
0 0.6890625 0.76640625 0.17890625 0.04140625