0 0.690625 0.33203125 0.18125 0.1625
0 0.4875 0.2328125 0.12421875 0.15703125
0 0.5109375 0.3765625 0.2421875 0.1421875
0 0.415625 0.33359375 0.13359375 0.1140625
0 0.39296875 0.28671875 0.1265625 0.1125
0 0.26640625 0.2984375 0.16640625 0.2125
0 0.246875 0.4140625 0.190625 0.259375
0 0.253125 0.578125 0.15546875 0.225
0 0.3109375 0.509375 0.0703125 0.08828125
0 0.49609375 0.5265625 0.159375 0.128125
0 0.43515625 0.465625 0.15859375 0.146875
0 0.434375 0.58671875 0.1890625 0.16015625
0 0.66484375 0.47421875 0.178125 0.1546875
0 0.6953125 0.55546875 0.11484375 0.28359375
0 0.63203125 0.6078125 0.128125 0.22734375
0 0.67734375 0.80078125 0.23671875 0.18828125
0 0.64453125 0.75390625 0.16640625 0.1890625
0 0.65 0.66640625 0.1625 0.13125
0 0.53828125 0.70703125 0.06328125 0.0625
0 0.42734375 0.81640625 0.215625 0.15234375
0 0.48515625 0.80859375 0.146875 0.15546875
0 0.46640625 0.93125 0.146875 0.07734375
0 0.38828125 0.93359375 0.0453125 0.0671875
0 0.31875 0.8546875 0.0765625 0.071875
0 0.38984375 0.890625 0.06328125 0.065625
0 0.2515625 0.80078125 0.15703125 0.18125
0 0.2921875 0.74296875 0.07734375 0.11328125
0 0.41484375 0.66484375 0.253125 0.1703125