0 0.62421875 0.4578125 0.09453125 0.08125
0 0.55234375 0.475 0.053125 0.06796875
0 0.52109375 0.478125 0.05625 0.05703125
0 0.45859375 0.484375 0.0828125 0.0765625
0 0.375 0.46953125 0.08359375 0.0734375
0 0.3703125 0.43203125 0.06171875 0.04375
0 0.35390625 0.5734375 0.1203125 0.09921875
0 0.45234375 0.603125 0.075 0.0640625
0 0.55078125 0.59609375 0.06328125 0.06875
0 0.51484375 0.5953125 0.05703125 0.0671875
0 0.6328125 0.58984375 0.10078125 0.07734375
0 0.61875 0.63359375 0.071875 0.040625
0 0.63046875 0.73359375 0.0921875 0.08046875
0 0.51875 0.72578125 0.13125 0.075
0 0.45390625 0.72890625 0.0640625 0.0765625
0 0.4015625 0.73671875 0.04140625 0.04765625
0 0.36875 0.721875 0.08046875 0.06640625
0 0.4109375 0.86328125 0.0359375 0.04140625
0 0.3734375 0.865625 0.07734375 0.06171875
0 0.38984375 0.83125 0.046875 0.02265625
0 0.47265625 0.85859375 0.09453125 0.07421875
0 0.57109375 0.85546875 0.0265625 0.03671875
0 0.53125 0.85390625 0.0734375 0.06796875
0 0.6375 0.8515625 0.10625 0.084375