0 0.546875 0.4234375 0.0859375 0.0859375
0 0.5609375 0.475 0.05546875 0.03984375
0 0.6203125 0.43984375 0.06796875 0.06953125
0 0.62578125 0.48125 0.053125 0.03515625
0 0.46171875 0.45859375 0.0796875 0.0484375
0 0.459375 0.48515625 0.05078125 0.03046875
0 0.38671875 0.4546875 0.0890625 0.075
0 0.4390625 0.58046875 0.01640625 0.0296875
0 0.3984375 0.5703125 0.0734375 0.0625
0 0.48984375 0.5734375 0.08046875 0.05078125
0 0.459375 0.60078125 0.0296875 0.02734375
0 0.46796875 0.5546875 0.040625 0.02109375
0 0.54609375 0.5734375 0.040625 0.05859375
0 0.5671875 0.58828125 0.05 0.08671875
0 0.62890625 0.56953125 0.07421875 0.0609375
0 0.61875 0.6890625 0.05703125 0.0515625
0 0.6421875 0.71015625 0.07109375 0.06796875
0 0.628125 0.73203125 0.05234375 0.03671875
0 0.55546875 0.6828125 0.08359375 0.0640625
0 0.55625 0.71875 0.0734375 0.0375
0 0.47734375 0.675 0.08515625 0.08359375
0 0.3890625 0.68671875 0.090625 0.06953125
0 0.3875 0.8140625 0.0875 0.0828125
0 0.396875 0.784375 0.07265625 0.0640625
0 0.4109375 0.8484375 0.04140625 0.04921875
0 0.4515625 0.8328125 0.0421875 0.059375
0 0.4828125 0.83828125 0.071875 0.065625
0 0.5609375 0.8125 0.08203125 0.0703125
0 0.63828125 0.81328125 0.07265625 0.065625