0 0.5671875 0.40703125 0.06015625 0.10546875
0 0.64453125 0.43671875 0.0953125 0.084375
0 0.5265625 0.43125 0.09453125 0.06875
0 0.48203125 0.46640625 0.096875 0.0828125
0 0.3921875 0.44609375 0.084375 0.0828125
0 0.35859375 0.41484375 0.06171875 0.06796875
0 0.425 0.565625 0.03515625 0.04296875
0 0.38125 0.55859375 0.090625 0.0796875
0 0.47421875 0.56484375 0.06640625 0.08203125
0 0.471875 0.6015625 0.05546875 0.028125
0 0.53046875 0.56171875 0.11328125 0.08046875
0 0.63203125 0.5265625 0.0890625 0.09296875
0 0.61328125 0.58359375 0.0390625 0.0328125
0 0.640625 0.67265625 0.10703125 0.08515625
0 0.5328125 0.690625 0.109375 0.08359375
0 0.4421875 0.6921875 0.03203125 0.05625
0 0.475 0.68515625 0.04375 0.08203125
0 0.36953125 0.70859375 0.1125 0.0890625
0 0.38359375 0.66953125 0.0890625 0.0515625
0 0.38515625 0.7921875 0.09453125 0.0640625
0 0.37265625 0.85 0.1171875 0.0859375
0 0.4796875 0.83203125 0.09375 0.075
0 0.515625 0.79453125 0.06796875 0.0328125
0 0.55859375 0.82421875 0.0765625 0.08515625
0 0.55625 0.7640625 0.0453125 0.0375
0 0.64375 0.81171875 0.09453125 0.07734375
0 0.6375 0.77109375 0.08515625 0.05078125