0 0.26171875 0.334375 0.26796875 0.08671875
0 0.47421875 0.340625 0.11953125 0.059375
0 0.44453125 0.321875 0.1140625 0.06171875
0 0.6078125 0.3453125 0.17578125 0.14375
0 0.78828125 0.325 0.25390625 0.084375
0 0.80078125 0.36484375 0.23125 0.0421875
0 0.58828125 0.396875 0.1265625 0.0703125
0 0.815625 0.42109375 0.28125 0.0640625
0 0.82421875 0.60703125 0.284375 0.06796875
0 0.77109375 0.6375 0.18125 0.03046875
0 0.81484375 0.53515625 0.2390625 0.071875
0 0.75078125 0.48984375 0.11953125 0.03125
0 0.61171875 0.4984375 0.1671875 0.06875
0 0.503125 0.4859375 0.15703125 0.0609375
0 0.4984375 0.4375 0.1953125 0.0734375
0 0.44609375 0.47578125 0.165625 0.13203125
0 0.2171875 0.48046875 0.29375 0.10625
0 0.284375 0.4546875 0.18046875 0.07265625
0 0.33359375 0.434375 0.07734375 0.0296875
0 0.2703125 0.4890625 0.24921875 0.0734375
0 0.23828125 0.571875 0.29609375 0.09453125
0 0.5 0.565625 0.21953125 0.103125
0 0.57109375 0.65078125 0.2453125 0.09921875
0 0.559375 0.628125 0.234375 0.06171875
0 0.6203125 0.584375 0.0796875 0.01796875