0 0.66953125 0.3859375 0.16328125 0.1140625
0 0.6359375 0.4390625 0.08046875 0.08125
0 0.51328125 0.3671875 0.14609375 0.0859375
0 0.33046875 0.3515625 0.13046875 0.09921875
0 0.43203125 0.37890625 0.07734375 0.07578125
0 0.4765625 0.43046875 0.1140625 0.06640625
0 0.484375 0.40859375 0.0875 0.06640625
0 0.35078125 0.45390625 0.1234375 0.16484375
0 0.33359375 0.534375 0.1015625 0.10234375
0 0.45078125 0.53359375 0.08359375 0.0953125
0 0.43125 0.56875 0.06328125 0.078125
0 0.52734375 0.59453125 0.1125 0.2078125
0 0.55078125 0.49921875 0.10390625 0.090625
0 0.65 0.73359375 0.128125 0.115625
0 0.6375 0.68203125 0.08984375 0.05234375
0 0.675 0.49375 0.1484375 0.09609375
0 0.6625 0.5578125 0.1296875 0.0546875
0 0.671875 0.5265625 0.14765625 0.04921875
0 0.31328125 0.671875 0.15234375 0.11171875
0 0.30703125 0.62109375 0.09140625 0.06953125
0 0.44453125 0.72578125 0.1109375 0.08671875
0 0.46484375 0.65546875 0.121875 0.0734375
0 0.52890625 0.73828125 0.11328125 0.1984375
0 0.640625 0.88125 0.1375 0.121875
0 0.471875 0.809375 0.14921875 0.11171875
0 0.3140625 0.83671875 0.1640625 0.09375