0 0.66875 0.40859375 0.13125 0.0671875
0 0.65703125 0.37109375 0.109375 0.0734375
0 0.53671875 0.34140625 0.1171875 0.09296875
0 0.5859375 0.36953125 0.03125 0.02890625
0 0.609375 0.5390625 0.02421875 0.03828125
0 0.66328125 0.54921875 0.103125 0.075
0 0.68984375 0.5265625 0.09140625 0.04765625
0 0.553125 0.50859375 0.109375 0.11328125
0 0.66015625 0.6640625 0.13515625 0.09453125
0 0.58203125 0.671875 0.01796875 0.03046875
0 0.540625 0.65546875 0.07890625 0.078125
0 0.5375 0.7 0.08203125 0.0375
0 0.5015625 0.66328125 0.05234375 0.059375
0 0.60390625 0.8328125 0.0375 0.04375
0 0.66171875 0.83359375 0.1 0.07265625
0 0.64921875 0.8140625 0.09140625 0.07578125
0 0.528125 0.7953125 0.08359375 0.1109375
0 0.55546875 0.7953125 0.05703125 0.103125
0 0.4078125 0.82890625 0.040625 0.05703125
0 0.45390625 0.83046875 0.10703125 0.07109375
0 0.46953125 0.7921875 0.10234375 0.053125
0 0.340625 0.790625 0.0875 0.0921875
0 0.334375 0.7375 0.103125 0.09609375
0 0.325 0.70390625 0.10546875 0.09140625
0 0.36953125 0.671875 0.04453125 0.0578125
0 0.44765625 0.65390625 0.1171875 0.0875
0 0.4640625 0.60078125 0.1171875 0.078125
0 0.34375 0.54296875 0.11484375 0.0625
0 0.446875 0.49453125 0.090625 0.090625
0 0.44453125 0.55625 0.071875 0.0515625
0 0.5109375 0.4921875 0.06875 0.09453125
0 0.34609375 0.384375 0.1015625 0.04609375
0 0.3515625 0.35703125 0.10390625 0.06484375
0 0.4328125 0.34140625 0.07421875 0.08203125
0 0.46484375 0.38046875 0.09765625 0.0453125
0 0.4546875 0.353125 0.0734375 0.0703125
0 0.3484375 0.43515625 0.109375 0.06953125