0 0.14140625 0.3828125 0.10390625 0.1
0 0.17734375 0.475 0.1140625 0.078125
0 0.271875 0.38671875 0.07734375 0.096875
0 0.25859375 0.46953125 0.05234375 0.0671875
0 0.4046875 0.3796875 0.07578125 0.10546875
0 0.42421875 0.453125 0.06015625 0.03671875
0 0.55703125 0.3828125 0.1140625 0.1015625
0 0.49375 0.49296875 0.075 0.11171875
0 0.49375 0.45703125 0.0390625 0.05
0 0.73359375 0.3984375 0.10390625 0.09375
0 0.69140625 0.39140625 0.065625 0.09921875
0 0.63515625 0.4078125 0.06015625 0.05390625
0 0.66640625 0.5 0.05625 0.09921875
0 0.6421875 0.4828125 0.06015625 0.08203125
0 0.66953125 0.45859375 0.03046875 0.02578125
0 0.16171875 0.5640625 0.040625 0.07265625
0 0.128125 0.56796875 0.05 0.05859375
0 0.16171875 0.65625 0.0828125 0.11328125
0 0.2984375 0.55859375 0.07109375 0.09453125
0 0.2796875 0.66640625 0.0609375 0.11875
0 0.41015625 0.56796875 0.07734375 0.08359375
0 0.378125 0.67109375 0.075 0.1203125
0 0.578125 0.571875 0.1015625 0.090625
0 0.50078125 0.65 0.04765625 0.06953125
0 0.55625 0.6765625 0.07109375 0.1140625
0 0.63515625 0.68203125 0.071875 0.1296875
0 0.6890625 0.56640625 0.10859375 0.09296875