0 0.6796875 0.4375 0.13828125 0.0859375
0 0.58828125 0.4390625 0.0421875 0.05234375
0 0.54296875 0.40078125 0.096875 0.10546875
0 0.4828125 0.40703125 0.10390625 0.06796875
0 0.45546875 0.45546875 0.08984375 0.06015625
0 0.33828125 0.4515625 0.1421875 0.06953125
0 0.36953125 0.40078125 0.071875 0.07890625
0 0.434375 0.396875 0.04453125 0.06796875
0 0.3859375 0.38203125 0.025 0.0484375
0 0.34375 0.42265625 0.0984375 0.0390625
0 0.3359375 0.565625 0.12734375 0.07890625
0 0.43359375 0.55 0.06796875 0.0890625
0 0.4640625 0.5484375 0.08984375 0.09609375
0 0.4515625 0.5953125 0.0625 0.025
0 0.375 0.603125 0.06640625 0.05
0 0.34375 0.69453125 0.125 0.1046875
0 0.359375 0.74453125 0.07890625 0.03828125
0 0.4078125 0.7640625 0.01953125 0.04296875
0 0.46171875 0.71484375 0.10625 0.0828125
0 0.45625 0.74609375 0.09140625 0.03828125
0 0.328125 0.84765625 0.1265625 0.10703125
0 0.3375 0.825 0.10078125 0.08046875
0 0.346875 0.8921875 0.0671875 0.028125
0 0.45234375 0.84453125 0.11640625 0.090625
0 0.440625 0.89765625 0.08125 0.04453125
0 0.396875 0.86875 0.0171875 0.02109375
0 0.54296875 0.83515625 0.121875 0.075
0 0.54453125 0.8796875 0.1171875 0.05
0 0.5625 0.91171875 0.0625 0.0953125
0 0.634375 0.86328125 0.06796875 0.05390625
0 0.690625 0.85546875 0.10234375 0.06796875
0 0.6640625 0.90078125 0.08125 0.03984375
0 0.63984375 0.90625 0.05859375 0.04921875
0 0.6171875 0.76796875 0.0328125 0.05
0 0.66953125 0.68359375 0.13671875 0.09140625
0 0.64609375 0.74375 0.09296875 0.04921875
0 0.55 0.66171875 0.1015625 0.1171875
0 0.56171875 0.7390625 0.071875 0.06796875
0 0.48203125 0.671875 0.07734375 0.0390625
0 0.5375 0.53125 0.115625 0.1328125
0 0.59765625 0.56953125 0.01875 0.01953125
0 0.67421875 0.54921875 0.14296875 0.0875
0 0.646875 0.6078125 0.08046875 0.05234375
0 0.6140625 0.615625 0.03671875 0.0515625