0 0.3671875 0.315625 0.12890625 0.11875
0 0.37109375 0.4765625 0.1171875 0.0890625
0 0.46328125 0.33515625 0.0609375 0.06953125
0 0.37109375 0.571875 0.12421875 0.10546875
0 0.375 0.63515625 0.1125 0.08046875
0 0.4359375 0.628125 0.0359375 0.04765625
0 0.36171875 0.75390625 0.1421875 0.13359375
0 0.5609375 0.5046875 0.1 0.0765625
0 0.6890625 0.3078125 0.1203125 0.12265625
0 0.5 0.7453125 0.09609375 0.10078125
0 0.7 0.76328125 0.14609375 0.09140625
0 0.5984375 0.7640625 0.05625 0.10234375
0 0.57421875 0.62265625 0.10234375 0.09375
0 0.68046875 0.61015625 0.1171875 0.09140625
0 0.703125 0.65703125 0.115625 0.08125
0 0.6703125 0.4609375 0.13046875 0.128125
0 0.58125 0.271875 0.09453125 0.1796875
0 0.51484375 0.4703125 0.1359375 0.0890625
0 0.509375 0.58671875 0.125 0.10390625