0 0.51640625 0.23203125 0.1453125 0.1359375
0 0.5265625 0.30859375 0.1140625 0.06015625
0 0.65859375 0.2734375 0.1328125 0.08515625
0 0.64921875 0.36171875 0.153125 0.16015625
0 0.63125 0.52109375 0.084375 0.0734375
0 0.6625 0.59609375 0.15 0.10390625
0 0.65859375 0.6453125 0.09375 0.06015625
0 0.6578125 0.734375 0.11953125 0.0875
0 0.54296875 0.71484375 0.09765625 0.10546875
0 0.4890625 0.71875 0.08359375 0.0953125
0 0.4765625 0.6875 0.06640625 0.103125
0 0.4328125 0.703125 0.11171875 0.10234375
0 0.3171875 0.69765625 0.1359375 0.11875
0 0.3703125 0.5890625 0.06640625 0.08828125
0 0.325 0.59296875 0.07890625 0.0859375
0 0.30546875 0.56015625 0.12265625 0.08984375
0 0.35703125 0.51875 0.0484375 0.0625
0 0.3296875 0.4703125 0.10390625 0.0796875
0 0.3171875 0.4 0.11328125 0.09453125
0 0.3765625 0.40390625 0.03046875 0.0453125
0 0.46328125 0.42421875 0.1390625 0.10234375
0 0.44921875 0.371875 0.10546875 0.06796875
0 0.525 0.4859375 0.10234375 0.11484375
0 0.51640625 0.5625 0.1328125 0.08671875
0 0.43984375 0.5125 0.0828125 0.10234375
0 0.42578125 0.26015625 0.0953125 0.090625
0 0.3078125 0.26484375 0.13828125 0.10078125
0 0.44921875 0.2828125 0.0890625 0.06953125