0 0.521875 0.34765625 0.15078125 0.18671875
0 0.56875 0.2546875 0.06484375 0.08828125
0 0.678125 0.225 0.15 0.14140625
0 0.6609375 0.30078125 0.1375 0.0765625
0 0.48359375 0.196875 0.153125 0.21328125
0 0.52265625 0.2125 0.09921875 0.1328125
0 0.40390625 0.2984375 0.0359375 0.04453125
0 0.309375 0.33515625 0.16171875 0.10390625
0 0.32890625 0.29609375 0.14296875 0.08671875
0 0.46953125 0.39140625 0.0921875 0.096875
0 0.44296875 0.43984375 0.090625 0.1046875
0 0.30859375 0.44921875 0.18125 0.15234375
0 0.4828125 0.23046875 0.08515625 0.0796875
0 0.69375 0.48984375 0.1671875 0.18984375
0 0.65546875 0.41640625 0.13125 0.090625
0 0.621875 0.46015625 0.07109375 0.06640625
0 0.57890625 0.5609375 0.06484375 0.08125
0 0.6734375 0.6203125 0.1609375 0.21796875
0 0.67421875 0.7171875 0.1578125 0.10390625
0 0.72265625 0.66015625 0.04296875 0.05
0 0.32734375 0.69140625 0.171875 0.12421875
0 0.3921875 0.71171875 0.04296875 0.0640625
0 0.325 0.63359375 0.08046875 0.06171875
0 0.4984375 0.68359375 0.1671875 0.159375
0 0.46640625 0.62890625 0.096875 0.053125
0 0.49921875 0.7296875 0.1515625 0.07265625
0 0.5125 0.4671875 0.10078125 0.06640625
0 0.51640625 0.43125 0.05859375 0.07265625
0 0.47265625 0.53359375 0.13671875 0.11875
0 0.4921875 0.57734375 0.1203125 0.075
0 0.33671875 0.54609375 0.1546875 0.06328125
0 0.3390625 0.5859375 0.13984375 0.04375