0 0.33515625 0.3359375 0.15390625 0.14453125
0 0.33203125 0.5359375 0.17265625 0.1265625
0 0.34609375 0.65 0.14296875 0.09140625
0 0.33671875 0.7703125 0.16328125 0.12265625
0 0.67578125 0.27890625 0.16015625 0.159375
0 0.67421875 0.4421875 0.1453125 0.1125
0 0.4890625 0.340625 0.1609375 0.0984375
0 0.509375 0.27734375 0.14296875 0.109375
0 0.6609375 0.684375 0.125 0.20703125
0 0.690625 0.56328125 0.1625 0.15078125
0 0.53046875 0.5109375 0.14921875 0.10234375
0 0.53203125 0.6375 0.15234375 0.12421875
0 0.4875 0.74375 0.17109375 0.11328125
0 0.55234375 0.83515625 0.096875 0.15078125
0 0.46171875 0.4515625 0.07890625 0.12109375