0 0.5359375 0.2171875 0.13359375 0.14609375
0 0.46484375 0.2 0.0859375 0.1015625
0 0.5 0.30078125 0.18515625 0.12890625
0 0.68828125 0.33828125 0.1765625 0.13671875
0 0.69921875 0.415625 0.18828125 0.1078125
0 0.7015625 0.4625 0.16953125 0.06875
0 0.690625 0.553125 0.1921875 0.12578125
0 0.69296875 0.7640625 0.1859375 0.13046875
0 0.68125 0.69375 0.1671875 0.09296875
0 0.621875 0.7390625 0.05546875 0.05859375
0 0.5109375 0.77265625 0.171875 0.12578125
0 0.44140625 0.76796875 0.09296875 0.13671875
0 0.54453125 0.646875 0.10234375 0.18203125
0 0.5015625 0.8515625 0.09921875 0.12265625
0 0.54921875 0.80390625 0.0484375 0.06953125
0 0.36796875 0.72109375 0.06953125 0.0546875
0 0.4640625 0.659375 0.1078125 0.1390625
0 0.56796875 0.5046875 0.08125 0.19609375
0 0.525 0.54140625 0.0578125 0.14921875
0 0.48828125 0.50703125 0.15 0.1125
0 0.51015625 0.4203125 0.2 0.11875
0 0.3453125 0.5109375 0.13203125 0.209375
0 0.275 0.58125 0.20078125 0.13046875
0 0.2765625 0.75859375 0.13515625 0.1453125
0 0.36875 0.32109375 0.08515625 0.15859375
0 0.31640625 0.3828125 0.1 0.2015625
0 0.31953125 0.31640625 0.09765625 0.12421875
0 0.278125 0.4921875 0.05234375 0.08125