0 0.3828125 0.3140625 0.046875 0.0609375
0 0.30546875 0.30625 0.13125 0.10859375
0 0.44453125 0.3328125 0.07734375 0.12578125
0 0.328125 0.3578125 0.1390625 0.04296875
0 0.346875 0.3734375 0.09453125 0.06015625
0 0.3 0.4578125 0.153125 0.11328125
0 0.3875 0.45390625 0.03515625 0.0515625
0 0.4453125 0.47265625 0.103125 0.11484375
0 0.58828125 0.4484375 0.0390625 0.04453125
0 0.52109375 0.33046875 0.13671875 0.10859375
0 0.66953125 0.296875 0.16015625 0.1546875
0 0.67421875 0.44375 0.1328125 0.115625
0 0.52109375 0.43359375 0.13984375 0.10703125
0 0.63984375 0.6390625 0.11796875 0.1125
0 0.68046875 0.62734375 0.10390625 0.096875
0 0.51328125 0.56796875 0.15390625 0.1328125
0 0.396875 0.6203125 0.01640625 0.0265625
0 0.325 0.60390625 0.1359375 0.1265625
0 0.4671875 0.640625 0.14296875 0.1296875
0 0.60546875 0.77265625 0.06015625 0.0703125
0 0.6765625 0.77578125 0.11953125 0.11484375
0 0.50546875 0.77578125 0.14375 0.1140625
0 0.34296875 0.790625 0.10546875 0.08125
0 0.43671875 0.78359375 0.0984375 0.14140625
0 0.284375 0.79453125 0.11328125 0.115625
0 0.32421875 0.72421875 0.1140625 0.05546875