0 0.37890625 0.4171875 0.09609375 0.075
0 0.4265625 0.4140625 0.02734375 0.03046875
0 0.378125 0.44765625 0.0890625 0.0515625
0 0.48125 0.43046875 0.09453125 0.109375
0 0.55078125 0.39921875 0.0859375 0.10390625
0 0.646875 0.42734375 0.103125 0.1046875
0 0.66171875 0.54921875 0.1078125 0.1109375
0 0.56328125 0.55 0.08515625 0.0984375
0 0.53046875 0.54296875 0.059375 0.0953125
0 0.64375 0.690625 0.07109375 0.09296875
0 0.6875 0.6921875 0.07890625 0.1
0 0.6671875 0.83359375 0.11171875 0.1078125
0 0.5734375 0.85078125 0.078125 0.0921875
0 0.54296875 0.84375 0.0640625 0.1
0 0.47890625 0.8515625 0.10546875 0.1046875
0 0.38828125 0.86015625 0.07890625 0.08828125
0 0.3546875 0.8578125 0.078125 0.1140625
0 0.36875 0.73984375 0.10625 0.10546875
0 0.3703125 0.69140625 0.1 0.0546875
0 0.45859375 0.7265625 0.0734375 0.08359375
0 0.47734375 0.7078125 0.08203125 0.09375
0 0.5625 0.7015625 0.0890625 0.1140625
0 0.38046875 0.5609375 0.09765625 0.09375
0 0.3640625 0.5953125 0.1109375 0.08203125
0 0.475 0.540625 0.1046875 0.11328125
0 0.47109375 0.590625 0.090625 0.040625