0 0.63046875 0.40234375 0.1421875 0.14921875
0 0.53125 0.38203125 0.0703125 0.15703125
0 0.478125 0.3890625 0.11875 0.159375
0 0.36875 0.3875 0.05625 0.16953125
0 0.415625 0.384375 0.03671875 0.15546875
0 0.2890625 0.45 0.14375 0.10546875
0 0.4359375 0.49453125 0.11796875 0.14375
0 0.36640625 0.515625 0.03359375 0.15234375
0 0.30625 0.571875 0.10859375 0.08203125
0 0.3125 0.64609375 0.12734375 0.121875
0 0.303125 0.78203125 0.13203125 0.2046875
0 0.31640625 0.71328125 0.12265625 0.11953125
0 0.41640625 0.8703125 0.103125 0.1203125
0 0.57421875 0.8453125 0.0625 0.090625
0 0.58984375 0.89921875 0.06015625 0.065625
0 0.48359375 0.90234375 0.125 0.1328125
0 0.490625 0.85625 0.1 0.10234375
0 0.640625 0.815625 0.10546875 0.140625
0 0.61796875 0.65859375 0.1328125 0.16796875
0 0.4875 0.7046875 0.13671875 0.121875
0 0.45546875 0.74765625 0.146875 0.11875
0 0.40703125 0.65546875 0.05625 0.08203125
0 0.4859375 0.61484375 0.13359375 0.11484375
0 0.59453125 0.55859375 0.0734375 0.09453125
0 0.6359375 0.50703125 0.1 0.15625
0 0.40859375 0.5921875 0.0609375 0.06171875