0 0.57734375 0.38125 0.0640625 0.065625
0 0.6875 0.33125 0.15546875 0.16484375
0 0.678125 0.425 0.1375 0.20078125
0 0.53515625 0.5296875 0.1359375 0.10234375
0 0.5859375 0.51015625 0.05546875 0.05859375
0 0.65390625 0.528125 0.08515625 0.0671875
0 0.50234375 0.403125 0.146875 0.084375
0 0.5109375 0.35390625 0.128125 0.0640625
0 0.39296875 0.365625 0.08203125 0.09375
0 0.33671875 0.36640625 0.0875 0.11015625
0 0.3359375 0.51484375 0.16484375 0.125
0 0.36484375 0.5078125 0.11796875 0.0984375
0 0.48828125 0.48359375 0.134375 0.09765625
0 0.340625 0.61953125 0.14921875 0.1625
0 0.34375 0.7484375 0.1375 0.18828125
0 0.4609375 0.6671875 0.09453125 0.10859375
0 0.4859375 0.7984375 0.14921875 0.1328125
0 0.546875 0.74765625 0.12734375 0.2015625
0 0.6953125 0.7875 0.16875 0.1203125
0 0.659375 0.853125 0.1109375 0.05078125
0 0.68828125 0.6640625 0.1640625 0.1046875
0 0.646875 0.7296875 0.0671875 0.0625
0 0.60625 0.69921875 0.02890625 0.059375
0 0.53046875 0.61875 0.1515625 0.128125
0 0.725 0.4359375 0.059375 0.05390625
0 0.41796875 0.878125 0.05625 0.06796875