0 0.39453125 0.4203125 0.09609375 0.12265625
0 0.54921875 0.440625 0.08359375 0.08125
0 0.3984375 0.5671875 0.103125 0.075
0 0.40078125 0.6921875 0.0875 0.06484375
0 0.39296875 0.80625 0.11015625 0.0828125
0 0.553125 0.56015625 0.08046875 0.0875
0 0.6390625 0.4328125 0.096875 0.06640625
0 0.4765625 0.490625 0.059375 0.1140625
0 0.48203125 0.69609375 0.07265625 0.1046875
0 0.63828125 0.765625 0.090625 0.07890625
0 0.55 0.7515625 0.078125 0.11640625
0 0.55859375 0.65859375 0.06484375 0.0828125
0 0.63828125 0.5671875 0.08203125 0.075
0 0.65234375 0.6984375 0.0984375 0.13984375