0 0.38046875 0.415625 0.09140625 0.09609375
0 0.45625 0.42265625 0.05859375 0.0890625
0 0.4953125 0.41171875 0.05234375 0.084375
0 0.39296875 0.4875 0.07109375 0.090625
0 0.475 0.48828125 0.06875 0.08125
0 0.5921875 0.440625 0.05234375 0.0921875
0 0.6453125 0.4671875 0.0796875 0.078125
0 0.6109375 0.4546875 0.0140625 0.01328125
0 0.55859375 0.43203125 0.05078125 0.0859375
0 0.56015625 0.47890625 0.053125 0.0484375
0 0.6453125 0.54140625 0.11328125 0.09375
0 0.609375 0.55390625 0.053125 0.0390625
0 0.63515625 0.59765625 0.07890625 0.05078125
0 0.55625 0.5515625 0.07421875 0.0671875
0 0.546875 0.603125 0.08046875 0.05
0 0.48359375 0.57265625 0.08046875 0.08046875
0 0.421875 0.57578125 0.05 0.053125
0 0.38671875 0.56171875 0.0765625 0.06875
0 0.38671875 0.6984375 0.07265625 0.08125
0 0.35546875 0.68046875 0.07265625 0.06484375
0 0.39765625 0.728125 0.05390625 0.04765625
0 0.46953125 0.7015625 0.09296875 0.08671875
0 0.48125 0.6546875 0.08828125 0.0515625
0 0.54453125 0.684375 0.08125 0.0875
0 0.575 0.69609375 0.04765625 0.04453125
0 0.64609375 0.69375 0.11484375 0.0953125
0 0.634375 0.6515625 0.08828125 0.05
0 0.62109375 0.82265625 0.08515625 0.0671875
0 0.63828125 0.79296875 0.084375 0.0640625
0 0.540625 0.821875 0.08203125 0.08203125
0 0.540625 0.7765625 0.04453125 0.02734375
0 0.378125 0.7921875 0.08828125 0.065625
0 0.375 0.82890625 0.04453125 0.03671875
0 0.4140625 0.81875 0.0515625 0.071875
0 0.4796875 0.80234375 0.08671875 0.0859375
0 0.48984375 0.74921875 0.059375 0.0484375