0 0.3484375 0.40390625 0.06640625 0.08984375
0 0.425 0.409375 0.07890625 0.10625
0 0.38984375 0.43359375 0.01484375 0.02109375
0 0.42890625 0.4375 0.06875 0.06328125
0 0.3140625 0.40859375 0.0203125 0.03671875
0 0.34140625 0.440625 0.07890625 0.040625
0 0.35625 0.46328125 0.06484375 0.02265625
0 0.35703125 0.475 0.03984375 0.025
0 0.41015625 0.478125 0.02890625 0.0171875
0 0.340625 0.55234375 0.071875 0.07578125
0 0.4171875 0.5734375 0.08046875 0.0859375
0 0.38359375 0.56484375 0.01328125 0.02109375
0 0.34375 0.52734375 0.07109375 0.05625
0 0.3171875 0.5578125 0.05390625 0.07578125
0 0.34921875 0.603125 0.04765625 0.04140625
0 0.4265625 0.61640625 0.06171875 0.046875
0 0.49375 0.5546875 0.09140625 0.1109375
0 0.5171875 0.57890625 0.0609375 0.05625
0 0.5890625 0.57109375 0.09453125 0.08984375
0 0.59765625 0.60625 0.08828125 0.0671875
0 0.58125 0.45625 0.06953125 0.06875
0 0.5546875 0.453125 0.0296875 0.028125
0 0.5921875 0.4296875 0.0671875 0.04765625
0 0.50859375 0.4484375 0.059375 0.065625
0 0.48984375 0.46796875 0.04921875 0.05234375
0 0.49140625 0.43203125 0.04453125 0.0546875
0 0.41953125 0.6796875 0.07890625 0.0953125
0 0.43203125 0.71796875 0.046875 0.04140625
0 0.45 0.73125 0.03984375 0.03671875
0 0.4953125 0.68984375 0.08671875 0.06484375
0 0.490625 0.6515625 0.06640625 0.040625
0 0.58203125 0.71484375 0.0875 0.08515625
0 0.56328125 0.70859375 0.05546875 0.05859375
0 0.5734375 0.75390625 0.0609375 0.0828125
0 0.35 0.7125 0.06953125 0.06015625
0 0.321875 0.71796875 0.05625 0.08203125
0 0.3375 0.6671875 0.0484375 0.03984375
0 0.33828125 0.82578125 0.0921875 0.09296875
0 0.3453125 0.77578125 0.08046875 0.0421875
0 0.43515625 0.82421875 0.103125 0.10078125
0 0.52265625 0.8046875 0.05703125 0.07890625
0 0.58984375 0.83671875 0.07734375 0.08203125
0 0.48125 0.77578125 0.0296875 0.0796875
0 0.5078125 0.7578125 0.04453125 0.046875