0 0.61875 0.32734375 0.075 0.06796875
0 0.70625 0.33359375 0.190625 0.1171875
0 0.690625 0.47421875 0.17734375 0.11875
0 0.64453125 0.428125 0.12265625 0.0828125
0 0.5203125 0.44921875 0.13125 0.11640625
0 0.50390625 0.3015625 0.15859375 0.12265625
0 0.47578125 0.25234375 0.16640625 0.1421875
0 0.48828125 0.3796875 0.175 0.115625
0 0.3265625 0.31015625 0.1328125 0.11640625
0 0.2734375 0.3421875 0.1046875 0.10546875
0 0.28203125 0.46796875 0.17734375 0.1125
0 0.44765625 0.47734375 0.1375 0.09765625
0 0.2921875 0.60078125 0.18125 0.14765625
0 0.29375 0.74609375 0.15859375 0.13046875
0 0.30625 0.828125 0.09921875 0.0828125
0 0.40234375 0.80078125 0.06875 0.08046875
0 0.459375 0.85625 0.14296875 0.1421875
0 0.43125 0.72265625 0.10546875 0.159375
0 0.49609375 0.73203125 0.140625 0.1609375
0 0.52421875 0.82265625 0.0734375 0.09140625
0 0.6265625 0.79140625 0.12578125 0.10859375
0 0.6921875 0.7859375 0.175 0.1234375
0 0.6890625 0.62109375 0.18984375 0.10546875
0 0.61875 0.60390625 0.07421875 0.0796875
0 0.65546875 0.67265625 0.15078125 0.0609375
0 0.509375 0.56875 0.15703125 0.125
0 0.4703125 0.6328125 0.1625 0.0859375
0 0.43359375 0.55859375 0.0546875 0.08828125