0 0.35546875 0.4234375 0.084375 0.10078125
0 0.42578125 0.453125 0.0609375 0.07578125
0 0.51484375 0.40703125 0.075 0.06796875
0 0.6 0.43984375 0.084375 0.07421875
0 0.571875 0.428125 0.034375 0.04609375
0 0.6265625 0.540625 0.0953125 0.10078125
0 0.5453125 0.63046875 0.03046875 0.0796875
0 0.56796875 0.56796875 0.0296875 0.04921875
0 0.52421875 0.55234375 0.0828125 0.07421875
0 0.37265625 0.52890625 0.08984375 0.07734375
0 0.46953125 0.58359375 0.0703125 0.05703125
0 0.4484375 0.5453125 0.06171875 0.06484375
0 0.53828125 0.6765625 0.07890625 0.0828125
0 0.6328125 0.6875 0.10703125 0.08828125
0 0.36484375 0.72109375 0.08984375 0.10078125
0 0.3453125 0.8203125 0.08203125 0.0765625
0 0.390625 0.81171875 0.0515625 0.06015625
0 0.4515625 0.7828125 0.08125 0.08203125
0 0.4453125 0.70234375 0.07734375 0.07890625
0 0.5265625 0.7859375 0.07578125 0.07109375
0 0.61875 0.81640625 0.10234375 0.0921875
0 0.45 0.6375 0.0734375 0.0546875