0 0.29296875 0.35859375 0.18515625 0.16015625
0 0.29921875 0.53125 0.19765625 0.16171875
0 0.37578125 0.50390625 0.04765625 0.06796875
0 0.271875 0.6984375 0.2296875 0.13125
0 0.2953125 0.85234375 0.16640625 0.153125
0 0.3203125 0.859375 0.128125 0.15234375
0 0.7 0.84296875 0.21484375 0.1515625
0 0.475 0.8625 0.18984375 0.1546875
0 0.51171875 0.71015625 0.16640625 0.159375
0 0.5828125 0.6609375 0.0453125 0.0671875
0 0.70390625 0.69140625 0.2078125 0.1375
0 0.50390625 0.51015625 0.165625 0.13671875
0 0.54453125 0.56875 0.11640625 0.1953125
0 0.690625 0.5671875 0.17734375 0.19921875
0 0.51328125 0.3859375 0.17890625 0.12265625
0 0.4265625 0.33515625 0.1015625 0.13359375
0 0.57734375 0.390625 0.071875 0.13125
0 0.7140625 0.27578125 0.22109375 0.1703125
0 0.33359375 0.26796875 0.09765625 0.05546875