0 0.26171875 0.36875 0.221875 0.1
0 0.33671875 0.328125 0.09609375 0.07265625
0 0.4625 0.27421875 0.17734375 0.1671875
0 0.47109375 0.2015625 0.159375 0.18359375
0 0.26796875 0.4703125 0.2 0.16328125
0 0.253125 0.59140625 0.2171875 0.15625
0 0.38203125 0.64296875 0.05 0.05546875
0 0.29453125 0.6953125 0.13515625 0.12734375
0 0.34140625 0.7921875 0.0609375 0.09765625
0 0.25078125 0.759375 0.1484375 0.14140625
0 0.47734375 0.89765625 0.2078125 0.153125
0 0.440625 0.78671875 0.19609375 0.1234375
0 0.55 0.85625 0.071875 0.08828125
0 0.59375 0.81015625 0.08203125 0.09765625
0 0.47578125 0.7328125 0.1984375 0.17109375
0 0.47578125 0.5984375 0.18359375 0.16875
0 0.57265625 0.6578125 0.05546875 0.084375
0 0.4640625 0.4953125 0.2328125 0.14375
0 0.49765625 0.37109375 0.190625 0.06796875
0 0.69453125 0.2859375 0.2265625 0.17109375
0 0.6 0.325 0.03359375 0.0453125
0 0.67734375 0.4734375 0.19375 0.121875
0 0.63125 0.43203125 0.1140625 0.14609375
0 0.6890625 0.60390625 0.1875 0.1671875
0 0.684375 0.80546875 0.17890625 0.1125
0 0.62109375 0.7296875 0.0484375 0.0484375