0 0.86796875 0.265625 0.1171875 0.24140625
0 0.90546875 0.5203125 0.1546875 0.2625
0 0.88828125 0.3984375 0.07109375 0.0390625
0 0.678125 0.25546875 0.1625 0.24296875
0 0.803125 0.33203125 0.0703125 0.0953125
0 0.49140625 0.26328125 0.128125 0.25078125
0 0.39765625 0.26484375 0.0703125 0.16015625
0 0.33203125 0.26796875 0.1328125 0.2796875
0 0.23671875 0.26953125 0.09453125 0.109375
0 0.77734375 0.49375 0.1625 0.2359375
0 0.67109375 0.4609375 0.103125 0.18828125
0 0.6984375 0.559375 0.08828125 0.0984375
0 0.5984375 0.46796875 0.09921875 0.2515625
0 0.55 0.5375 0.0984375 0.16015625
0 0.50546875 0.4703125 0.134375 0.20390625
0 0.475 0.54609375 0.1015625 0.15390625
0 0.39453125 0.44765625 0.1359375 0.24609375
0 0.38984375 0.553125 0.0953125 0.128125
0 0.27578125 0.53203125 0.11796875 0.240625
0 0.8453125 0.76796875 0.15 0.2328125
0 0.76953125 0.7203125 0.15078125 0.16171875
0 0.63515625 0.73046875 0.20390625 0.23671875
0 0.46875 0.7265625 0.21015625 0.234375
0 0.32578125 0.71875 0.165625 0.2015625
0 0.25546875 0.696875 0.265625 0.1765625