0 0.30625 0.4609375 0.1390625 0.10390625
0 0.42109375 0.4078125 0.0671875 0.13359375
0 0.51953125 0.35859375 0.08046875 0.1921875
0 0.61953125 0.4484375 0.140625 0.0984375
0 0.33515625 0.63203125 0.115625 0.0890625
0 0.43125 0.5390625 0.07890625 0.13359375
0 0.50703125 0.52109375 0.10078125 0.175
0 0.61015625 0.56640625 0.0953125 0.1421875
0 0.325 0.72109375 0.1296875 0.0875
0 0.43671875 0.703125 0.08046875 0.1015625
0 0.509375 0.6796875 0.0828125 0.13515625
0 0.61484375 0.7234375 0.1140625 0.0890625
0 0.32109375 0.8359375 0.14140625 0.11015625
0 0.45234375 0.8484375 0.10859375 0.08125
0 0.50234375 0.8015625 0.090625 0.13125
0 0.60390625 0.81015625 0.0859375 0.0921875