0 0.2890625 0.41875 0.25234375 0.10546875
0 0.17734375 0.56484375 0.15234375 0.1484375
0 0.678125 0.43671875 0.2140625 0.096875
0 0.81015625 0.446875 0.21484375 0.0953125
0 0.4828125 0.4296875 0.1703125 0.10859375
0 0.31171875 0.56796875 0.1265625 0.18515625
0 0.1953125 0.71796875 0.1640625 0.128125
0 0.48125 0.5765625 0.1921875 0.16953125
0 0.74921875 0.5671875 0.20859375 0.1390625
0 0.61640625 0.60390625 0.13515625 0.05703125
0 0.46953125 0.70703125 0.09375 0.08203125
0 0.3421875 0.7140625 0.1984375 0.1140625
0 0.59765625 0.74609375 0.1578125 0.16953125
0 0.68046875 0.66796875 0.26640625 0.05703125
0 0.69296875 0.75390625 0.09375 0.12109375