0 0.13984375 0.52265625 0.1359375 0.134375
0 0.23203125 0.39921875 0.0734375 0.10859375
0 0.28125 0.3984375 0.178125 0.1375
0 0.49296875 0.39453125 0.09375 0.153125
0 0.39296875 0.41484375 0.1296875 0.10078125
0 0.27734375 0.53046875 0.1140625 0.12109375
0 0.20625 0.71484375 0.096875 0.16796875
0 0.75078125 0.721875 0.15234375 0.14609375
0 0.60625 0.371875 0.08359375 0.1484375
0 0.74765625 0.38828125 0.10390625 0.1578125
0 0.6828125 0.4078125 0.0671875 0.1140625
0 0.728125 0.578125 0.10546875 0.11484375
0 0.35 0.69140625 0.08359375 0.09921875
0 0.2875 0.71484375 0.0875 0.14765625
0 0.153125 0.7 0.0765625 0.10390625
0 0.30234375 0.60859375 0.1984375 0.04921875
0 0.50234375 0.53046875 0.12578125 0.11171875
0 0.42578125 0.71796875 0.11484375 0.16328125
0 0.5234375 0.7234375 0.09453125 0.1640625
0 0.7859375 0.53828125 0.178125 0.1265625