0 0.23125 0.403125 0.1234375 0.1015625
0 0.35 0.4046875 0.10625 0.109375
0 0.4796875 0.403125 0.1265625 0.09609375
0 0.62109375 0.3984375 0.1203125 0.109375
0 0.1609375 0.68515625 0.10546875 0.10703125
0 0.27890625 0.70703125 0.10390625 0.09921875
0 0.2140625 0.51328125 0.1578125 0.0921875
0 0.76875 0.425 0.10859375 0.10234375
0 0.6953125 0.4421875 0.06171875 0.0703125
0 0.7328125 0.52578125 0.1578125 0.08359375
0 0.59296875 0.5015625 0.09140625 0.0953125
0 0.46484375 0.496875 0.1140625 0.08359375
0 0.33125 0.5171875 0.11875 0.09296875
0 0.75078125 0.60703125 0.1265625 0.09140625
0 0.73203125 0.7125 0.13203125 0.109375
0 0.59296875 0.69140625 0.13046875 0.12109375
0 0.4390625 0.70859375 0.13203125 0.115625
0 0.6125 0.578125 0.11015625 0.1
0 0.503125 0.6078125 0.13046875 0.08203125
0 0.36484375 0.60546875 0.1609375 0.08046875
0 0.209375 0.58515625 0.10859375 0.07734375
0 0.31875 0.628125 0.075 0.05546875