0 0.3546875 0.3859375 0.14765625 0.1046875
0 0.35703125 0.57109375 0.14453125 0.16171875
0 0.35234375 0.48828125 0.1515625 0.090625
0 0.34140625 0.7828125 0.146875 0.10390625
0 0.48125 0.7546875 0.134375 0.11015625
0 0.68125 0.39609375 0.14609375 0.1
0 0.6625 0.71953125 0.134375 0.12265625
0 0.6734375 0.596875 0.1453125 0.10625
0 0.50625 0.65546875 0.15 0.09765625
0 0.67734375 0.49453125 0.13046875 0.090625
0 0.55078125 0.4484375 0.128125 0.1234375
0 0.46328125 0.27734375 0.0703125 0.1421875
0 0.50546875 0.3375 0.14296875 0.09609375
0 0.55 0.29453125 0.1125 0.1734375
0 0.546875 0.528125 0.10859375 0.1296875
0 0.5296875 0.84609375 0.1640625 0.1015625