0 0.375 0.40703125 0.11796875 0.059375
0 0.37421875 0.50625 0.128125 0.06484375
0 0.39609375 0.5546875 0.075 0.04921875
0 0.365625 0.6421875 0.1359375 0.0765625
0 0.37109375 0.79140625 0.128125 0.08828125
0 0.37890625 0.7328125 0.10703125 0.0578125
0 0.421875 0.80703125 0.01953125 0.0625
0 0.45390625 0.58359375 0.04453125 0.13984375
0 0.4875 0.459375 0.10390625 0.12578125
0 0.51953125 0.39296875 0.1234375 0.08359375
0 0.61484375 0.3578125 0.0625 0.12578125
0 0.64765625 0.41953125 0.0953125 0.059375
0 0.52109375 0.53125 0.11953125 0.07265625
0 0.6046875 0.51796875 0.0546875 0.0703125
0 0.6546875 0.50078125 0.10078125 0.096875
0 0.52578125 0.63125 0.125 0.08671875
0 0.628125 0.6671875 0.1046875 0.05703125
0 0.62421875 0.60390625 0.071875 0.0921875
0 0.6109375 0.7296875 0.0546875 0.07265625
0 0.51015625 0.75703125 0.1265625 0.05
0 0.65390625 0.72421875 0.1078125 0.08359375
0 0.53984375 0.70546875 0.08671875 0.0875