0 0.3515625 0.4421875 0.09375 0.0890625
0 0.4046875 0.4234375 0.0359375 0.08671875
0 0.446875 0.3859375 0.071875 0.08515625
0 0.44921875 0.4671875 0.065625 0.07265625
0 0.3703125 0.55234375 0.08046875 0.0796875
0 0.4046875 0.575 0.04296875 0.05
0 0.46484375 0.59375 0.08515625 0.08671875
0 0.35859375 0.67734375 0.078125 0.075
0 0.35625 0.6484375 0.08125 0.09609375
0 0.45234375 0.728125 0.103125 0.08203125
0 0.4359375 0.72890625 0.07109375 0.09453125
0 0.45546875 0.8109375 0.075 0.09140625
0 0.36953125 0.8515625 0.09140625 0.0359375
0 0.359375 0.815625 0.0921875 0.05390625
0 0.53828125 0.796875 0.0765625 0.096875
0 0.6265625 0.83828125 0.09765625 0.07734375
0 0.615625 0.8265625 0.07890625 0.0703125
0 0.54609375 0.65546875 0.06796875 0.103125
0 0.56640625 0.68984375 0.0328125 0.0390625
0 0.63125 0.740625 0.09921875 0.10859375
0 0.546875 0.53828125 0.06328125 0.0890625
0 0.6390625 0.571875 0.109375 0.071875
0 0.59296875 0.56484375 0.03828125 0.02421875
0 0.6203125 0.609375 0.08046875 0.0875
0 0.62890625 0.490625 0.084375 0.08671875
0 0.5578125 0.4125 0.08203125 0.1078125