0 0.33515625 0.565625 0.13828125 0.08046875
0 0.33125 0.4921875 0.1375 0.09375
0 0.31328125 0.48828125 0.1765625 0.10703125
0 0.29765625 0.6453125 0.18203125 0.10234375
0 0.31796875 0.7984375 0.17421875 0.12109375
0 0.3359375 0.765625 0.13984375 0.1390625
0 0.4625 0.71640625 0.1546875 0.1109375
0 0.48984375 0.81875 0.15703125 0.0875
0 0.49140625 0.90625 0.17734375 0.11484375
0 0.52890625 0.87421875 0.140625 0.10390625
0 0.6875 0.82734375 0.19453125 0.09375
0 0.51015625 0.6609375 0.15078125 0.11953125
0 0.66953125 0.71796875 0.1484375 0.11171875
0 0.678125 0.6734375 0.17109375 0.1015625
0 0.634375 0.69921875 0.10234375 0.08359375
0 0.4875 0.52109375 0.17734375 0.125
0 0.525 0.546875 0.134375 0.09609375
0 0.6859375 0.50625 0.2015625 0.1265625
0 0.3234375 0.31015625 0.15859375 0.18046875
0 0.38984375 0.35703125 0.03828125 0.05625
0 0.49765625 0.3453125 0.16640625 0.16328125
0 0.68046875 0.33828125 0.190625 0.1390625