0 0.353125 0.85390625 0.140625 0.075
0 0.30546875 0.78828125 0.2359375 0.10078125
0 0.3125 0.60859375 0.23828125 0.13515625
0 0.3171875 0.47109375 0.18828125 0.14453125
0 0.31484375 0.32734375 0.23125 0.1203125
0 0.36796875 0.2765625 0.15625 0.1328125
0 0.50234375 0.68828125 0.2265625 0.09609375
0 0.54140625 0.63203125 0.18984375 0.11875
0 0.5234375 0.51640625 0.2375 0.10078125
0 0.5484375 0.38359375 0.2234375 0.10390625
0 0.54375 0.28515625 0.22421875 0.10234375
0 0.540625 0.77578125 0.1890625 0.078125
0 0.53125 0.871875 0.23203125 0.12734375
0 0.68984375 0.79453125 0.08828125 0.08203125
0 0.74453125 0.70546875 0.19296875 0.22109375
0 0.72890625 0.59296875 0.17421875 0.15234375
0 0.75078125 0.490625 0.2203125 0.1078125
0 0.7328125 0.453125 0.20859375 0.13671875
0 0.73125 0.26328125 0.15 0.2296875
0 0.20703125 0.25078125 0.00234375 0.01796875