0 0.328125 0.34375 0.1796875 0.1328125
0 0.3125 0.4375 0.1796875 0.125
0 0.3125 0.609375 0.203125 0.1796875
0 0.3125 0.8046875 0.1640625 0.1171875
0 0.3046875 0.734375 0.1875 0.109375
0 0.4921875 0.78125 0.1796875 0.1328125
0 0.7109375 0.3046875 0.1953125 0.15625
0 0.53125 0.2890625 0.1640625 0.15625
0 0.515625 0.515625 0.1796875 0.1484375
0 0.7109375 0.4921875 0.1875 0.171875
0 0.7265625 0.6484375 0.203125 0.1328125
0 0.53125 0.625 0.203125 0.125
0 0.625 0.8359375 0.0703125 0.078125
0 0.71875 0.7734375 0.1640625 0.1640625