0 0.2890625 0.3125 0.1484375 0.1484375
0 0.2890625 0.5234375 0.1640625 0.109375
0 0.2890625 0.6640625 0.1796875 0.1171875
0 0.4765625 0.3515625 0.203125 0.1171875
0 0.6796875 0.3359375 0.1796875 0.1796875
0 0.484375 0.2734375 0.1328125 0.0390625
0 0.4765625 0.4609375 0.21875 0.1328125
0 0.6875 0.5 0.2109375 0.109375
0 0.484375 0.6015625 0.2265625 0.15625
0 0.6875 0.625 0.1953125 0.1328125
0 0.5625 0.640625 0.0625 0.0625
0 0.2890625 0.7890625 0.1640625 0.140625
0 0.4609375 0.734375 0.1640625 0.1015625
0 0.6875 0.8046875 0.1953125 0.1328125
0 0.46875 0.859375 0.2265625 0.140625