0 0.3125 0.3359375 0.2421875 0.140625
0 0.2734375 0.453125 0.2578125 0.15625
0 0.2890625 0.625 0.234375 0.125
0 0.3125 0.7734375 0.2421875 0.1484375
0 0.5078125 0.7890625 0.21875 0.15625
0 0.5859375 0.734375 0.09375 0.171875
0 0.734375 0.3203125 0.1953125 0.1328125
0 0.5078125 0.5859375 0.203125 0.1796875
0 0.53125 0.453125 0.21875 0.15625
0 0.5078125 0.3046875 0.0859375 0.140625
0 0.6015625 0.265625 0.0703125 0.1875
0 0.75 0.4375 0.2109375 0.1484375
0 0.7265625 0.6015625 0.203125 0.15625
0 0.7421875 0.734375 0.1953125 0.1953125