0 0.3125 0.3671875 0.203125 0.125
0 0.375 0.3515625 0.078125 0.1171875
0 0.2734375 0.5546875 0.21875 0.109375
0 0.3203125 0.5078125 0.1640625 0.109375
0 0.2734375 0.7109375 0.21875 0.1328125
0 0.28125 0.8359375 0.21875 0.15625
0 0.484375 0.90625 0.2109375 0.125
0 0.71875 0.7265625 0.21875 0.140625
0 0.5390625 0.6171875 0.140625 0.1953125
0 0.4140625 0.640625 0.0703125 0.15625
0 0.453125 0.515625 0.1015625 0.1015625
0 0.65625 0.421875 0.0625 0.0703125
0 0.546875 0.3671875 0.140625 0.140625
0 0.6484375 0.5546875 0.0703125 0.078125
0 0.53125 0.484375 0.1796875 0.125
0 0.7265625 0.421875 0.15625 0.1328125
0 0.7265625 0.546875 0.1015625 0.1015625
0 0.5625 0.796875 0.1328125 0.1640625