0 0.328125 0.421875 0.1171875 0.1171875
0 0.328125 0.5625 0.1171875 0.0859375
0 0.3359375 0.6796875 0.1171875 0.0859375
0 0.328125 0.8125 0.1015625 0.09375
0 0.4375 0.4609375 0.109375 0.078125
0 0.5234375 0.4140625 0.1015625 0.0859375
0 0.6171875 0.4375 0.0859375 0.0859375
0 0.4296875 0.59375 0.078125 0.0859375
0 0.4296875 0.8203125 0.09375 0.0859375
0 0.6015625 0.8359375 0.109375 0.0859375
0 0.5 0.828125 0.0859375 0.078125
0 0.5 0.6953125 0.0859375 0.09375
0 0.6015625 0.6875 0.1171875 0.09375
0 0.6015625 0.5859375 0.078125 0.09375
0 0.53125 0.5234375 0.078125 0.1015625