0 0.34375 0.4375 0.1171875 0.0859375
0 0.34375 0.5546875 0.1328125 0.0859375
0 0.34375 0.6953125 0.1484375 0.078125
0 0.34375 0.8125 0.125 0.078125
0 0.4609375 0.5625 0.09375 0.0703125
0 0.5234375 0.484375 0.09375 0.1484375
0 0.640625 0.3984375 0.1171875 0.109375
0 0.515625 0.40625 0.125 0.0859375
0 0.46875 0.6640625 0.0859375 0.1015625
0 0.4609375 0.7890625 0.09375 0.0703125
0 0.6328125 0.5625 0.109375 0.109375
0 0.53125 0.6484375 0.109375 0.109375
0 0.6484375 0.703125 0.1171875 0.1015625
0 0.640625 0.8203125 0.125 0.1015625
0 0.515625 0.8203125 0.1171875 0.140625
0 0.4296875 0.4375 0.0390625 0.0859375