0 0.359375 0.453125 0.09375 0.0625
0 0.359375 0.3984375 0.078125 0.0546875
0 0.4453125 0.484375 0.09375 0.078125
0 0.3515625 0.5859375 0.09375 0.0859375
0 0.4375 0.5625 0.0703125 0.0703125
0 0.34375 0.703125 0.09375 0.09375
0 0.4375 0.6875 0.0859375 0.09375
0 0.3515625 0.84375 0.09375 0.078125
0 0.4453125 0.8359375 0.09375 0.09375
0 0.5234375 0.4375 0.0859375 0.1171875
0 0.6328125 0.4609375 0.1171875 0.1015625
0 0.515625 0.578125 0.09375 0.0859375
0 0.6171875 0.5703125 0.09375 0.09375
0 0.5234375 0.6953125 0.0703125 0.0859375
0 0.6015625 0.6953125 0.078125 0.1015625
0 0.5234375 0.8203125 0.0546875 0.0859375
0 0.609375 0.84375 0.09375 0.1015625