0 0.3671875 0.4140625 0.0703125 0.1171875
0 0.4375 0.484375 0.0703125 0.0625
0 0.328125 0.5859375 0.1171875 0.0625
0 0.4296875 0.578125 0.0625 0.0625
0 0.515625 0.453125 0.0859375 0.0546875
0 0.609375 0.4375 0.0859375 0.09375
0 0.515625 0.609375 0.0703125 0.078125
0 0.609375 0.5625 0.1171875 0.1015625
0 0.3515625 0.6953125 0.0859375 0.078125
0 0.4375 0.7265625 0.078125 0.078125
0 0.3515625 0.8515625 0.078125 0.0859375
0 0.4453125 0.859375 0.09375 0.0703125
0 0.5078125 0.7421875 0.0859375 0.0703125
0 0.6171875 0.6953125 0.1015625 0.1015625
0 0.515625 0.828125 0.0625 0.0703125
0 0.609375 0.8671875 0.109375 0.0859375