0 0.359375 0.484375 0.078125 0.0703125
0 0.4296875 0.4921875 0.0546875 0.0546875
0 0.5234375 0.4375 0.0703125 0.1015625
0 0.59375 0.484375 0.0625 0.09375
0 0.3671875 0.6015625 0.09375 0.0703125
0 0.453125 0.59375 0.0546875 0.0859375
0 0.5234375 0.5859375 0.0859375 0.0859375
0 0.6015625 0.59375 0.0703125 0.0703125
0 0.3515625 0.7109375 0.09375 0.0625
0 0.4453125 0.71875 0.0703125 0.0625
0 0.3671875 0.8203125 0.078125 0.09375
0 0.4453125 0.875 0.0703125 0.09375
0 0.5390625 0.765625 0.078125 0.0859375
0 0.609375 0.6953125 0.0703125 0.09375
0 0.546875 0.8359375 0.0703125 0.046875
0 0.609375 0.859375 0.0546875 0.0703125