0 0.3828125 0.4609375 0.125 0.109375
0 0.390625 0.5859375 0.109375 0.0703125
0 0.3828125 0.71875 0.109375 0.109375
0 0.3828125 0.8515625 0.109375 0.078125
0 0.65625 0.4453125 0.1015625 0.0703125
0 0.640625 0.5546875 0.09375 0.0859375
0 0.546875 0.59375 0.1015625 0.09375
0 0.578125 0.4375 0.0546875 0.1171875
0 0.5 0.453125 0.1015625 0.1015625
0 0.4921875 0.5703125 0.0859375 0.0859375
0 0.65625 0.6875 0.1015625 0.0859375
0 0.546875 0.71875 0.109375 0.09375
0 0.484375 0.8671875 0.1015625 0.09375
0 0.6484375 0.828125 0.0859375 0.109375
0 0.5703125 0.8515625 0.0703125 0.1328125