0 0.2890625 0.2734375 0.2421875 0.1484375
0 0.4765625 0.1875 0.1328125 0.2890625
0 0.3671875 0.3203125 0.09375 0.0859375
0 0.3046875 0.4765625 0.21875 0.109375
0 0.3203125 0.4453125 0.1953125 0.1796875
0 0.3046875 0.65625 0.21875 0.1328125
0 0.2890625 0.8125 0.2421875 0.09375
0 0.4921875 0.6640625 0.15625 0.109375
0 0.515625 0.4609375 0.1953125 0.1328125
0 0.5546875 0.3203125 0.140625 0.109375
0 0.7265625 0.3359375 0.234375 0.1640625
0 0.71875 0.4921875 0.2109375 0.1015625
0 0.6875 0.3125 0.125 0.09375
0 0.7265625 0.6171875 0.1796875 0.109375
0 0.5625 0.609375 0.15625 0.125
0 0.71875 0.8125 0.203125 0.15625
0 0.515625 0.8828125 0.1875 0.1875
0 0.4921875 0.8046875 0.1484375 0.125