0 0.40625 0.28125 0.1953125 0.1171875
0 0.6171875 0.2578125 0.2109375 0.125
0 0.6875 0.21875 0.109375 0.203125
0 0.5625 0.4296875 0.203125 0.09375
0 0.4375 0.390625 0.125 0.09375
0 0.390625 0.7421875 0.234375 0.1328125
0 0.3828125 0.5 0.109375 0.1015625
0 0.390625 0.6328125 0.109375 0.1015625
0 0.46875 0.4921875 0.109375 0.09375
0 0.6171875 0.671875 0.25 0.1484375
0 0.609375 0.5390625 0.1796875 0.09375
0 0.75 0.4921875 0.0703125 0.2265625
0 0.8125 0.515625 0.078125 0.140625
0 0.8203125 0.703125 0.109375 0.15625
0 0.734375 0.8671875 0.25 0.1953125
0 0.484375 0.84375 0.15625 0.109375