0 0.3359375 0.3046875 0.15625 0.15625
0 0.3359375 0.484375 0.171875 0.1171875
0 0.375 0.796875 0.1015625 0.1328125
0 0.5078125 0.859375 0.140625 0.1875
0 0.640625 0.6484375 0.078125 0.28125
0 0.5625 0.546875 0.078125 0.234375
0 0.4765625 0.4296875 0.109375 0.1640625
0 0.578125 0.3203125 0.078125 0.1640625
0 0.6640625 0.4375 0.109375 0.1328125
0 0.609375 0.1875 0.0703125 0.1015625
0 0.5390625 0.7421875 0.15625 0.15625
0 0.4765625 0.5859375 0.1015625 0.15625
0 0.3359375 0.59375 0.1640625 0.1484375