0 0.671875 0.796875 0.1328125 0.1328125
0 0.328125 0.796875 0.1484375 0.109375
0 0.328125 0.4609375 0.1328125 0.09375
0 0.3359375 0.578125 0.125 0.1171875
0 0.34375 0.328125 0.125 0.1328125
0 0.4375 0.265625 0.078125 0.15625
0 0.546875 0.328125 0.1171875 0.1171875
0 0.6484375 0.3671875 0.1171875 0.0625
0 0.4453125 0.390625 0.109375 0.1171875
0 0.6484375 0.4609375 0.15625 0.09375
0 0.6484375 0.59375 0.1015625 0.1171875
0 0.546875 0.484375 0.078125 0.0859375
0 0.546875 0.6015625 0.0859375 0.109375
0 0.578125 0.7265625 0.0703125 0.109375
0 0.4921875 0.6953125 0.0703125 0.140625
0 0.4765625 0.859375 0.09375 0.1875
0 0.4453125 0.609375 0.0859375 0.1015625