0 0.703125 0.6640625 0.15625 0.1015625
0 0.6796875 0.328125 0.125 0.1171875
0 0.34375 0.65625 0.1484375 0.09375
0 0.6640625 0.4609375 0.109375 0.1171875
0 0.6875 0.5390625 0.1328125 0.1015625
0 0.5859375 0.640625 0.0703125 0.109375
0 0.3515625 0.7734375 0.109375 0.1171875
0 0.359375 0.5234375 0.125 0.1015625
0 0.3515625 0.4140625 0.1328125 0.09375
0 0.4609375 0.3203125 0.09375 0.1640625
0 0.5703125 0.328125 0.0859375 0.1015625
0 0.5546875 0.5234375 0.109375 0.078125
0 0.4609375 0.65625 0.078125 0.09375
0 0.46875 0.8125 0.09375 0.0859375
0 0.4609375 0.90625 0.140625 0.078125
0 0.6015625 0.8359375 0.125 0.0859375
0 0.6796875 0.765625 0.09375 0.09375