0 0.40625 0.375 0.1015625 0.0703125
0 0.4921875 0.3515625 0.0703125 0.125
0 0.421875 0.5078125 0.09375 0.0625
0 0.5078125 0.484375 0.0625 0.0859375
0 0.59375 0.3359375 0.0546875 0.078125
0 0.6640625 0.34375 0.0859375 0.0859375
0 0.5703125 0.3828125 0.0703125 0.09375
0 0.578125 0.4765625 0.0859375 0.0859375
0 0.65625 0.4453125 0.0859375 0.1171875
0 0.5078125 0.703125 0.0859375 0.09375
0 0.515625 0.6328125 0.0859375 0.0546875
0 0.6796875 0.640625 0.109375 0.078125
0 0.4140625 0.8125 0.1171875 0.1171875
0 0.515625 0.8359375 0.078125 0.078125
0 0.4296875 0.671875 0.078125 0.1015625
0 0.671875 0.8203125 0.0859375 0.09375
0 0.578125 0.8125 0.1015625 0.09375
0 0.6015625 0.7109375 0.0859375 0.078125