0 0.375 0.3984375 0.0859375 0.09375
0 0.453125 0.3515625 0.0546875 0.1484375
0 0.6328125 0.3828125 0.1171875 0.078125
0 0.3828125 0.609375 0.09375 0.09375
0 0.3828125 0.5390625 0.078125 0.0625
0 0.3828125 0.734375 0.09375 0.09375
0 0.6484375 0.5390625 0.09375 0.0703125
0 0.578125 0.453125 0.0390625 0.0859375
0 0.6328125 0.6484375 0.1015625 0.0703125
0 0.3984375 0.8359375 0.0625 0.125
0 0.4609375 0.734375 0.0625 0.0703125
0 0.46875 0.609375 0.0546875 0.0703125
0 0.5625 0.671875 0.0390625 0.09375
0 0.46875 0.828125 0.0703125 0.140625
0 0.640625 0.8515625 0.078125 0.078125
0 0.625 0.7890625 0.078125 0.0625
0 0.546875 0.7578125 0.0546875 0.0546875
0 0.5625 0.8359375 0.0546875 0.0859375