0 0.1875 0.4140625 0.1171875 0.140625
0 0.1875 0.5390625 0.1015625 0.1015625
0 0.203125 0.734375 0.1328125 0.1484375
0 0.2734375 0.5703125 0.0859375 0.1640625
0 0.359375 0.4375 0.15625 0.1015625
0 0.46875 0.4140625 0.125 0.1328125
0 0.4609375 0.5703125 0.109375 0.15625
0 0.3671875 0.6328125 0.1953125 0.078125
0 0.3671875 0.7421875 0.1328125 0.1484375
0 0.6328125 0.421875 0.171875 0.125
0 0.6875 0.3984375 0.1015625 0.1171875
0 0.5703125 0.5625 0.0703125 0.1328125
0 0.71875 0.59375 0.1015625 0.1171875
0 0.703125 0.7265625 0.109375 0.109375
0 0.5625 0.734375 0.1328125 0.125
0 0.53125 0.6484375 0.1875 0.0625
0 0.765625 0.515625 0.171875 0.1015625