0 0.2890625 0.421875 0.25 0.109375
0 0.1796875 0.5625 0.15625 0.1484375
0 0.6796875 0.4375 0.2109375 0.09375
0 0.8125 0.4453125 0.21875 0.09375
0 0.484375 0.4296875 0.171875 0.109375
0 0.3125 0.5703125 0.125 0.1875
0 0.1953125 0.71875 0.1640625 0.125
0 0.484375 0.578125 0.1953125 0.171875
0 0.75 0.5703125 0.2109375 0.140625
0 0.6171875 0.6015625 0.1328125 0.0546875
0 0.46875 0.703125 0.09375 0.078125
0 0.34375 0.7109375 0.1953125 0.1171875
0 0.59375 0.75 0.15625 0.171875
0 0.6796875 0.671875 0.265625 0.0546875
0 0.6953125 0.75 0.09375 0.1171875