0 0.7578125 0.7265625 0.2265625 0.1484375
0 0.109375 0.53125 0.109375 0.1484375
0 0.1875 0.7109375 0.1640625 0.140625
0 0.1796875 0.3984375 0.1171875 0.1015625
0 0.296875 0.390625 0.0859375 0.1171875
0 0.4453125 0.3984375 0.109375 0.1015625
0 0.6171875 0.375 0.125 0.125
0 0.5234375 0.375 0.0859375 0.1328125
0 0.7734375 0.4453125 0.1953125 0.0859375
0 0.671875 0.5390625 0.1015625 0.1015625
0 0.5390625 0.4765625 0.21875 0.046875
0 0.3359375 0.4921875 0.203125 0.078125
0 0.34375 0.59375 0.1328125 0.1015625
0 0.3828125 0.703125 0.078125 0.140625
0 0.484375 0.5625 0.109375 0.1328125
0 0.46875 0.7109375 0.078125 0.1171875