0 0.234375 0.40625 0.125 0.1015625
0 0.3515625 0.40625 0.109375 0.109375
0 0.4765625 0.40625 0.125 0.09375
0 0.6171875 0.3984375 0.1171875 0.109375
0 0.1640625 0.6875 0.1015625 0.109375
0 0.28125 0.7109375 0.1015625 0.1015625
0 0.2109375 0.515625 0.15625 0.09375
0 0.765625 0.421875 0.109375 0.1015625
0 0.6953125 0.4453125 0.0625 0.0703125
0 0.734375 0.5234375 0.15625 0.0859375
0 0.59375 0.5 0.09375 0.09375
0 0.4609375 0.5 0.1171875 0.0859375
0 0.328125 0.515625 0.1171875 0.09375
0 0.75 0.609375 0.125 0.09375
0 0.734375 0.7109375 0.1328125 0.109375
0 0.59375 0.6875 0.1328125 0.125
0 0.4375 0.7109375 0.1328125 0.1171875
0 0.609375 0.578125 0.109375 0.1015625
0 0.5 0.609375 0.1328125 0.0859375
0 0.3671875 0.609375 0.1640625 0.078125
0 0.2109375 0.5859375 0.109375 0.078125
0 0.3203125 0.625 0.078125 0.0546875