0 0.734375 0.3828125 0.1171875 0.140625
0 0.1796875 0.375 0.1015625 0.1484375
0 0.1484375 0.5078125 0.09375 0.125
0 0.1328125 0.671875 0.0859375 0.140625
0 0.1953125 0.5625 0.1015625 0.09375
0 0.578125 0.390625 0.0703125 0.125
0 0.3984375 0.390625 0.1015625 0.09375
0 0.4609375 0.53125 0.09375 0.140625
0 0.3203125 0.5625 0.078125 0.1328125
0 0.28125 0.6953125 0.0859375 0.1484375
0 0.515625 0.6875 0.109375 0.140625
0 0.734375 0.5625 0.1015625 0.125
0 0.5703125 0.546875 0.09375 0.1328125
0 0.6640625 0.6796875 0.0859375 0.1171875
0 0.3359375 0.4140625 0.15625 0.0703125