0 0.1328125 0.671875 0.09375 0.1171875
0 0.2578125 0.6796875 0.0859375 0.1171875
0 0.3828125 0.6796875 0.09375 0.1171875
0 0.515625 0.6875 0.0859375 0.140625
0 0.5546875 0.6640625 0.09375 0.0859375
0 0.65625 0.671875 0.0703125 0.125
0 0.140625 0.5859375 0.078125 0.0625
0 0.125 0.484375 0.1015625 0.0625
0 0.671875 0.5703125 0.0703125 0.0703125
0 0.5625 0.5703125 0.09375 0.0859375
0 0.4140625 0.578125 0.0703125 0.078125
0 0.28125 0.5703125 0.078125 0.09375
0 0.1875 0.3984375 0.09375 0.109375
0 0.2890625 0.3984375 0.0546875 0.0859375
0 0.265625 0.5 0.0625 0.1015625
0 0.40625 0.3984375 0.0703125 0.09375
0 0.3828125 0.4921875 0.0625 0.078125
0 0.5390625 0.3984375 0.0625 0.109375
0 0.4921875 0.3984375 0.0859375 0.1015625
0 0.5390625 0.4921875 0.0625 0.0703125
0 0.6796875 0.3984375 0.109375 0.09375
0 0.6484375 0.484375 0.09375 0.078125