0 0.140625 0.390625 0.109375 0.140625
0 0.140625 0.5 0.0703125 0.0703125
0 0.2734375 0.3984375 0.109375 0.1328125
0 0.421875 0.4140625 0.078125 0.109375
0 0.5703125 0.4140625 0.078125 0.109375
0 0.7421875 0.4140625 0.1484375 0.109375
0 0.515625 0.5390625 0.09375 0.140625
0 0.3984375 0.546875 0.09375 0.15625
0 0.1875 0.578125 0.0859375 0.125
0 0.1953125 0.7265625 0.1171875 0.15625
0 0.28125 0.546875 0.0859375 0.1640625
0 0.6484375 0.515625 0.0859375 0.0859375
0 0.65625 0.59375 0.1015625 0.09375
0 0.6953125 0.6953125 0.1015625 0.109375
0 0.5078125 0.6328125 0.09375 0.046875
0 0.5703125 0.71875 0.125 0.140625
0 0.3828125 0.7109375 0.109375 0.1484375
0 0.28125 0.6953125 0.0546875 0.109375