0 0.109375 0.390625 0.140625 0.109375
0 0.296875 0.375 0.109375 0.125
0 0.1796875 0.6796875 0.09375 0.1015625
0 0.296875 0.6875 0.1015625 0.1328125
0 0.4375 0.6953125 0.0625 0.1328125
0 0.4296875 0.3984375 0.0859375 0.109375
0 0.6796875 0.3984375 0.078125 0.1171875
0 0.1796875 0.5703125 0.1015625 0.0859375
0 0.171875 0.4921875 0.0859375 0.0703125
0 0.296875 0.5078125 0.0625 0.09375
0 0.4140625 0.515625 0.0703125 0.1015625
0 0.546875 0.53125 0.1015625 0.109375
0 0.6640625 0.671875 0.078125 0.109375
0 0.75 0.5859375 0.1015625 0.09375
0 0.5390625 0.6796875 0.0859375 0.109375
0 0.609375 0.59375 0.125 0.09375
0 0.6796875 0.5078125 0.109375 0.09375
0 0.3359375 0.5859375 0.09375 0.0546875
0 0.5390625 0.4140625 0.0859375 0.109375