0 0.3671875 0.3125 0.1328125 0.1171875
0 0.375 0.4765625 0.1171875 0.0859375
0 0.4609375 0.3359375 0.0625 0.0703125
0 0.375 0.5703125 0.125 0.1015625
0 0.375 0.6328125 0.109375 0.078125
0 0.4375 0.625 0.0390625 0.046875
0 0.359375 0.7578125 0.140625 0.1328125
0 0.5625 0.5078125 0.1015625 0.078125
0 0.6875 0.3046875 0.1171875 0.125
0 0.5 0.7421875 0.09375 0.1015625
0 0.703125 0.765625 0.1484375 0.09375
0 0.6015625 0.765625 0.0546875 0.1015625
0 0.578125 0.625 0.1015625 0.09375
0 0.6796875 0.609375 0.1171875 0.09375
0 0.703125 0.65625 0.1171875 0.078125
0 0.671875 0.4609375 0.1328125 0.125
0 0.578125 0.2734375 0.09375 0.1796875
0 0.515625 0.46875 0.1328125 0.0859375
0 0.5078125 0.5859375 0.125 0.1015625