0 0.375 0.3125 0.1015625 0.1328125
0 0.484375 0.3203125 0.1171875 0.1015625
0 0.3515625 0.5 0.1171875 0.1015625
0 0.3671875 0.59375 0.125 0.125
0 0.5703125 0.296875 0.0703125 0.171875
0 0.6640625 0.375 0.125 0.0703125
0 0.5546875 0.4765625 0.1015625 0.1171875
0 0.65625 0.4765625 0.109375 0.109375
0 0.46875 0.515625 0.109375 0.109375
0 0.3515625 0.7734375 0.125 0.1171875
0 0.4765625 0.6328125 0.1015625 0.09375
0 0.5625 0.609375 0.1015625 0.1484375
0 0.6640625 0.71875 0.1171875 0.125
0 0.4609375 0.8203125 0.1015625 0.109375
0 0.6484375 0.8125 0.1171875 0.09375
0 0.546875 0.8125 0.1015625 0.109375
0 0.4765625 0.40625 0.109375 0.0625