0 0.3515625 0.28125 0.1484375 0.15625
0 0.3359375 0.4375 0.1484375 0.1484375
0 0.3359375 0.578125 0.1640625 0.1171875
0 0.3359375 0.7265625 0.1484375 0.1640625
0 0.6640625 0.3125 0.1328125 0.1484375
0 0.671875 0.4765625 0.1484375 0.1328125
0 0.6640625 0.6328125 0.171875 0.109375
0 0.53125 0.34375 0.1328125 0.1171875
0 0.5 0.3125 0.140625 0.109375
0 0.53125 0.46875 0.1328125 0.1171875
0 0.4765625 0.4765625 0.1328125 0.1171875
0 0.4765625 0.5859375 0.1328125 0.1015625
0 0.671875 0.7421875 0.1640625 0.125
0 0.4921875 0.71875 0.15625 0.1328125
0 0.5 0.828125 0.15625 0.0859375