0 0.3515625 0.3828125 0.1484375 0.1015625
0 0.359375 0.5703125 0.140625 0.1640625
0 0.3515625 0.484375 0.1484375 0.09375
0 0.34375 0.78125 0.1484375 0.1015625
0 0.484375 0.7578125 0.1328125 0.109375
0 0.6796875 0.3984375 0.1484375 0.1015625
0 0.6640625 0.71875 0.1328125 0.125
0 0.671875 0.59375 0.1484375 0.109375
0 0.5078125 0.65625 0.1484375 0.09375
0 0.6796875 0.4921875 0.1328125 0.09375
0 0.5546875 0.4453125 0.125 0.125
0 0.4609375 0.28125 0.0703125 0.140625
0 0.5078125 0.3359375 0.140625 0.09375
0 0.546875 0.296875 0.109375 0.171875
0 0.546875 0.53125 0.109375 0.1328125
0 0.53125 0.84375 0.1640625 0.1015625