0 0.359375 0.2421875 0.15625 0.1875
0 0.515625 0.2265625 0.140625 0.1953125
0 0.359375 0.3671875 0.1484375 0.0859375
0 0.3359375 0.46875 0.1953125 0.1015625
0 0.328125 0.59375 0.1875 0.1171875
0 0.328125 0.6953125 0.1875 0.140625
0 0.5078125 0.375 0.1875 0.0859375
0 0.71875 0.4609375 0.1796875 0.078125
0 0.5546875 0.5703125 0.140625 0.1328125
0 0.7265625 0.5703125 0.203125 0.1171875
0 0.515625 0.71875 0.1796875 0.1171875
0 0.6875 0.7265625 0.1640625 0.09375
0 0.7109375 0.8203125 0.171875 0.1015625
0 0.6953125 0.3125 0.1953125 0.1171875
0 0.5234375 0.46875 0.1875 0.078125
0 0.5 0.515625 0.140625 0.1015625