0 0.3359375 0.28125 0.1484375 0.140625
0 0.296875 0.3984375 0.1640625 0.140625
0 0.4765625 0.3125 0.15625 0.125
0 0.3828125 0.46875 0.078125 0.1171875
0 0.4765625 0.453125 0.109375 0.0859375
0 0.515625 0.2421875 0.1171875 0.1875
0 0.65625 0.28125 0.171875 0.1328125
0 0.640625 0.40625 0.125 0.15625
0 0.3046875 0.734375 0.1796875 0.125
0 0.3125 0.609375 0.171875 0.125
0 0.4453125 0.671875 0.1015625 0.171875
0 0.671875 0.7109375 0.1640625 0.078125
0 0.609375 0.7109375 0.0546875 0.0703125
0 0.6015625 0.578125 0.0703125 0.0703125
0 0.65625 0.5859375 0.140625 0.109375
0 0.5078125 0.7734375 0.1640625 0.125
0 0.4921875 0.546875 0.1484375 0.09375
0 0.5390625 0.4296875 0.0703125 0.1015625