0 0.703125 0.7890625 0.1953125 0.125
0 0.5078125 0.765625 0.15625 0.1015625
0 0.375 0.7421875 0.1171875 0.09375
0 0.3203125 0.7109375 0.15625 0.1328125
0 0.3359375 0.5625 0.171875 0.109375
0 0.3671875 0.640625 0.109375 0.0546875
0 0.6796875 0.6875 0.140625 0.1171875
0 0.6875 0.578125 0.1875 0.09375
0 0.6796875 0.4765625 0.171875 0.1015625
0 0.6796875 0.2890625 0.1484375 0.15625
0 0.5234375 0.2890625 0.1875 0.1015625
0 0.5390625 0.421875 0.140625 0.1640625
0 0.5234375 0.5390625 0.1640625 0.171875
0 0.53125 0.640625 0.15625 0.1875
0 0.34375 0.3046875 0.1796875 0.09375
0 0.5390625 0.2265625 0.1328125 0.2265625
0 0.359375 0.4140625 0.1484375 0.15625