0 0.3359375 0.3359375 0.15625 0.140625
0 0.3359375 0.5390625 0.171875 0.125
0 0.34375 0.6484375 0.140625 0.09375
0 0.3359375 0.7734375 0.1640625 0.125
0 0.6796875 0.28125 0.15625 0.15625
0 0.671875 0.4453125 0.1484375 0.109375
0 0.4921875 0.34375 0.1640625 0.1015625
0 0.5078125 0.28125 0.140625 0.109375
0 0.6640625 0.6875 0.125 0.203125
0 0.6875 0.5625 0.1640625 0.1484375
0 0.53125 0.5078125 0.1484375 0.1015625
0 0.53125 0.640625 0.15625 0.125
0 0.484375 0.7421875 0.171875 0.109375
0 0.5546875 0.8359375 0.09375 0.1484375
0 0.4609375 0.453125 0.078125 0.1171875