0 0.34375 0.4296875 0.140625 0.15625
0 0.46875 0.3828125 0.109375 0.25
0 0.328125 0.359375 0.171875 0.109375
0 0.34375 0.5625 0.140625 0.15625
0 0.4921875 0.609375 0.171875 0.1015625
0 0.484375 0.515625 0.1328125 0.0703125
0 0.3125 0.7109375 0.171875 0.1484375
0 0.4765625 0.7578125 0.1328125 0.1328125
0 0.6640625 0.3203125 0.15625 0.140625
0 0.65625 0.390625 0.140625 0.1953125
0 0.6484375 0.671875 0.1796875 0.1796875
0 0.65625 0.7421875 0.125 0.0859375
0 0.640625 0.8046875 0.125 0.0859375
0 0.6484375 0.5390625 0.125 0.09375
0 0.546875 0.2890625 0.0703125 0.1171875
0 0.484375 0.25 0.046875 0.0390625