0 0.3359375 0.3984375 0.1796875 0.140625
0 0.3359375 0.5546875 0.171875 0.1171875
0 0.34375 0.7109375 0.171875 0.140625
0 0.375 0.234375 0.15625 0.1953125
0 0.4140625 0.2578125 0.0625 0.078125
0 0.5234375 0.21875 0.140625 0.1796875
0 0.5390625 0.515625 0.1484375 0.1796875
0 0.4609375 0.6796875 0.0703125 0.125
0 0.3515625 0.7734375 0.1640625 0.0703125
0 0.515625 0.7109375 0.140625 0.1328125
0 0.53125 0.8125 0.15625 0.0859375
0 0.7109375 0.6640625 0.1484375 0.1640625
0 0.703125 0.2265625 0.1640625 0.234375
0 0.7109375 0.375 0.15625 0.1640625
0 0.5703125 0.390625 0.125 0.125
0 0.6640625 0.5 0.09375 0.1171875
0 0.71875 0.515625 0.171875 0.140625