0 0.3359375 0.4296875 0.1953125 0.1875
0 0.3828125 0.3203125 0.1015625 0.09375
0 0.484375 0.21875 0.1171875 0.234375
0 0.65625 0.25 0.1015625 0.1796875
0 0.546875 0.484375 0.125 0.1484375
0 0.6875 0.4296875 0.171875 0.15625
0 0.640625 0.453125 0.0703125 0.125
0 0.375 0.7109375 0.1171875 0.171875
0 0.4140625 0.75 0.0390625 0.0859375
0 0.359375 0.6015625 0.1328125 0.1015625
0 0.5390625 0.65625 0.1484375 0.109375
0 0.5234375 0.8046875 0.1640625 0.140625
0 0.6875 0.6875 0.1484375 0.171875
0 0.6953125 0.5546875 0.1640625 0.0859375
0 0.4921875 0.5859375 0.140625 0.109375
0 0.5859375 0.390625 0.0546875 0.1328125