0 0.3125 0.4375 0.1875 0.125
0 0.3125 0.359375 0.1796875 0.0625
0 0.34375 0.296875 0.1171875 0.0546875
0 0.3359375 0.5546875 0.15625 0.140625
0 0.3125 0.6484375 0.1640625 0.203125
0 0.515625 0.3515625 0.1640625 0.25
0 0.4921875 0.515625 0.1953125 0.171875
0 0.5 0.5546875 0.15625 0.0859375
0 0.5 0.265625 0.203125 0.171875
0 0.484375 0.1328125 0.09375 0.09375
0 0.59375 0.296875 0.0390625 0.09375
0 0.7265625 0.3671875 0.234375 0.0859375
0 0.7109375 0.546875 0.2578125 0.1484375
0 0.65625 0.5 0.109375 0.0546875
0 0.4921875 0.6640625 0.21875 0.1328125
0 0.5 0.703125 0.234375 0.078125
0 0.484375 0.765625 0.1796875 0.046875
0 0.4921875 0.828125 0.0625 0.0703125
0 0.7265625 0.4453125 0.2109375 0.0546875
0 0.6875 0.6875 0.15625 0.140625