0 0.3359375 0.3515625 0.140625 0.1015625
0 0.4609375 0.328125 0.1171875 0.09375
0 0.34375 0.4375 0.1328125 0.109375
0 0.6484375 0.2890625 0.1171875 0.1484375
0 0.53125 0.3671875 0.109375 0.09375
0 0.65625 0.4375 0.1171875 0.109375
0 0.53125 0.453125 0.1328125 0.09375
0 0.46875 0.5078125 0.125 0.125
0 0.359375 0.6015625 0.125 0.109375
0 0.484375 0.625 0.1328125 0.09375
0 0.3359375 0.765625 0.140625 0.125
0 0.3828125 0.7578125 0.0625 0.0625
0 0.4765625 0.7421875 0.125 0.09375
0 0.65625 0.6015625 0.1171875 0.09375
0 0.6171875 0.59375 0.0625 0.0859375
0 0.65625 0.75 0.1484375 0.09375