0 0.34375 0.2890625 0.1328125 0.140625
0 0.390625 0.3203125 0.0703125 0.0625
0 0.328125 0.4296875 0.171875 0.125
0 0.328125 0.6171875 0.15625 0.1015625
0 0.3671875 0.5625 0.09375 0.078125
0 0.34375 0.765625 0.140625 0.09375
0 0.3828125 0.734375 0.0859375 0.0703125
0 0.3671875 0.703125 0.09375 0.0625
0 0.4765625 0.3359375 0.140625 0.09375
0 0.5390625 0.265625 0.125 0.15625
0 0.6796875 0.359375 0.140625 0.109375
0 0.609375 0.328125 0.0390625 0.0390625
0 0.5625 0.40625 0.109375 0.15625
0 0.6171875 0.484375 0.0390625 0.0390625
0 0.671875 0.53125 0.125 0.1328125
0 0.4765625 0.4453125 0.1484375 0.109375
0 0.6953125 0.640625 0.1796875 0.109375
0 0.5625 0.5859375 0.0859375 0.1171875
0 0.6875 0.7421875 0.171875 0.0703125
0 0.6484375 0.828125 0.109375 0.125
0 0.4921875 0.703125 0.125 0.125
0 0.4921875 0.765625 0.09375 0.0625
0 0.546875 0.6875 0.109375 0.1484375
0 0.4921875 0.53125 0.1484375 0.140625
0 0.5 0.5859375 0.0703125 0.0546875