0 0.484375 0.6171875 0.0859375 0.109375
0 0.4140625 0.5234375 0.078125 0.0703125
0 0.484375 0.515625 0.0703125 0.09375
0 0.421875 0.375 0.078125 0.09375
0 0.5 0.4453125 0.1015625 0.0546875
0 0.53125 0.5390625 0.0625 0.046875
0 0.5390625 0.59375 0.0703125 0.046875
0 0.5703125 0.578125 0.03125 0.0234375
0 0.5234375 0.3671875 0.1015625 0.09375
0 0.578125 0.4453125 0.0703125 0.0546875
0 0.6640625 0.3828125 0.0625 0.0625
0 0.6796875 0.4375 0.078125 0.046875
0 0.65625 0.5078125 0.046875 0.0859375
0 0.6953125 0.53125 0.09375 0.046875
0 0.6640625 0.59375 0.046875 0.0703125
0 0.8203125 0.5078125 0.1015625 0.09375
0 0.8203125 0.59375 0.1015625 0.0703125
0 0.7578125 0.6015625 0.046875 0.078125
0 0.7578125 0.375 0.0234375 0.078125
0 0.7734375 0.4375 0.0703125 0.046875
0 0.78125 0.3671875 0.03125 0.0859375