0 0.46875 0.359375 0.078125 0.0859375
0 0.4609375 0.4453125 0.0859375 0.078125
0 0.59375 0.359375 0.0859375 0.078125
0 0.5625 0.4375 0.078125 0.0703125
0 0.671875 0.4375 0.09375 0.0546875
0 0.7109375 0.3671875 0.09375 0.078125
0 0.7109375 0.3828125 0.0625 0.0390625
0 0.8125 0.359375 0.078125 0.0859375
0 0.484375 0.53125 0.0703125 0.0703125
0 0.4375 0.6015625 0.0859375 0.0703125
0 0.59375 0.5078125 0.1015625 0.078125
0 0.5859375 0.6015625 0.078125 0.0703125
0 0.5859375 0.578125 0.09375 0.0625
0 0.53125 0.59375 0.0390625 0.0546875
0 0.6953125 0.6015625 0.09375 0.0703125
0 0.71875 0.53125 0.09375 0.0703125
0 0.8125 0.4453125 0.078125 0.078125
0 0.8359375 0.421875 0.046875 0.0390625
0 0.8359375 0.5234375 0.0859375 0.0703125
0 0.7890625 0.59375 0.078125 0.078125
0 0.8125 0.578125 0.046875 0.0390625