0 0.4609375 0.3671875 0.078125 0.09375
0 0.4140625 0.4453125 0.109375 0.0703125
0 0.59375 0.359375 0.09375 0.1171875
0 0.4296875 0.625 0.09375 0.1015625
0 0.78125 0.3828125 0.09375 0.0703125
0 0.796875 0.5078125 0.078125 0.0859375
0 0.8203125 0.4609375 0.0859375 0.078125
0 0.6796875 0.3671875 0.0703125 0.078125
0 0.671875 0.453125 0.09375 0.0703125
0 0.578125 0.5078125 0.078125 0.1015625
0 0.5 0.546875 0.09375 0.0546875
0 0.6796875 0.53125 0.078125 0.0703125
0 0.765625 0.625 0.1171875 0.125
0 0.7890625 0.5625 0.0546875 0.03125
0 0.6796875 0.640625 0.078125 0.125
0 0.5390625 0.625 0.09375 0.09375
0 0.5625 0.578125 0.078125 0.0390625
0 0.5 0.4609375 0.1640625 0.0859375