0 0.375 0.40625 0.1171875 0.0625
0 0.375 0.5078125 0.125 0.0625
0 0.3984375 0.5546875 0.078125 0.046875
0 0.3671875 0.640625 0.1328125 0.078125
0 0.375 0.7890625 0.125 0.0859375
0 0.375 0.734375 0.109375 0.0546875
0 0.421875 0.8046875 0.015625 0.0625
0 0.453125 0.5859375 0.046875 0.140625
0 0.484375 0.4609375 0.1015625 0.125
0 0.5234375 0.390625 0.125 0.0859375
0 0.6171875 0.359375 0.0625 0.125
0 0.6484375 0.421875 0.09375 0.0625
0 0.5234375 0.53125 0.1171875 0.0703125
0 0.6015625 0.515625 0.0546875 0.0703125
0 0.65625 0.5 0.1015625 0.09375
0 0.5234375 0.6328125 0.125 0.0859375
0 0.625 0.6640625 0.1015625 0.0546875
0 0.625 0.6015625 0.0703125 0.09375
0 0.609375 0.7265625 0.0546875 0.0703125
0 0.5078125 0.7578125 0.125 0.046875
0 0.65625 0.7265625 0.109375 0.0859375
0 0.5390625 0.703125 0.0859375 0.0859375