0 0.3984375 0.4921875 0.0546875 0.09375
0 0.4296875 0.4609375 0.03125 0.078125
0 0.453125 0.4375 0.0625 0.1015625
0 0.53125 0.484375 0.078125 0.09375
0 0.6171875 0.4453125 0.0859375 0.1015625
0 0.5546875 0.578125 0.0546875 0.0703125
0 0.609375 0.578125 0.0546875 0.0625
0 0.5546875 0.6796875 0.0625 0.0703125
0 0.578125 0.6875 0.03125 0.046875
0 0.625 0.7109375 0.0703125 0.0859375
0 0.5625 0.8125 0.0546875 0.1015625
0 0.6171875 0.8203125 0.0625 0.0625
0 0.625 0.7890625 0.046875 0.0390625
0 0.46875 0.8125 0.0703125 0.0859375
0 0.453125 0.8125 0.046875 0.0625
0 0.3984375 0.8125 0.0703125 0.0625
0 0.390625 0.71875 0.0625 0.078125
0 0.453125 0.6953125 0.0546875 0.0703125
0 0.4375 0.6875 0.046875 0.0625
0 0.3984375 0.6328125 0.0625 0.078125
0 0.4453125 0.59375 0.046875 0.0859375
0 0.453125 0.5625 0.0546875 0.1015625