0 0.3671875 0.46875 0.140625 0.1015625
0 0.375 0.7578125 0.1328125 0.125
0 0.484375 0.7734375 0.078125 0.1015625
0 0.5390625 0.484375 0.09375 0.1328125
0 0.6484375 0.7890625 0.1171875 0.0859375
0 0.3671875 0.5859375 0.125 0.0859375
0 0.5078125 0.6640625 0.1171875 0.09375
0 0.4375 0.4140625 0.0390625 0.1171875
0 0.6171875 0.4609375 0.0546875 0.078125
0 0.6640625 0.5546875 0.125 0.1171875
0 0.65625 0.703125 0.1328125 0.0703125
0 0.3828125 0.6640625 0.125 0.0625
0 0.5390625 0.8203125 0.109375 0.1015625
0 0.46875 0.359375 0.078125 0.1640625