0 0.3984375 0.421875 0.09375 0.125
0 0.546875 0.4375 0.0859375 0.078125
0 0.3984375 0.5703125 0.1015625 0.078125
0 0.3984375 0.6953125 0.0859375 0.0625
0 0.390625 0.8046875 0.109375 0.0859375
0 0.5546875 0.5625 0.078125 0.0859375
0 0.640625 0.4296875 0.09375 0.0625
0 0.4765625 0.4921875 0.0625 0.1171875
0 0.484375 0.6953125 0.0703125 0.1015625
0 0.640625 0.765625 0.09375 0.078125
0 0.546875 0.75 0.078125 0.1171875
0 0.5546875 0.65625 0.0625 0.0859375
0 0.640625 0.5703125 0.078125 0.078125
0 0.65625 0.6953125 0.1015625 0.140625