0 0.3828125 0.4921875 0.140625 0.09375
0 0.3828125 0.578125 0.1328125 0.0703125
0 0.3828125 0.7109375 0.1171875 0.0625
0 0.390625 0.6640625 0.1171875 0.0546875
0 0.3828125 0.78125 0.125 0.0703125
0 0.4453125 0.671875 0.0390625 0.1953125
0 0.515625 0.765625 0.125 0.0703125
0 0.5 0.5703125 0.09375 0.078125
0 0.578125 0.3984375 0.0703125 0.109375
0 0.671875 0.421875 0.125 0.09375
0 0.546875 0.453125 0.1015625 0.0703125
0 0.5078125 0.4140625 0.1171875 0.125
0 0.59375 0.5703125 0.03125 0.0390625
0 0.546875 0.65625 0.1015625 0.0703125
0 0.65625 0.5625 0.1015625 0.0859375
0 0.5390625 0.6953125 0.1015625 0.0390625
0 0.6640625 0.671875 0.125 0.0703125
0 0.6640625 0.6484375 0.125 0.0703125
0 0.5390625 0.8203125 0.125 0.078125
0 0.6015625 0.796875 0.0234375 0.046875
0 0.6796875 0.7734375 0.140625 0.0859375