0 0.3359375 0.296875 0.171875 0.1015625
0 0.4453125 0.3203125 0.046875 0.0546875
0 0.515625 0.28125 0.140625 0.09375
0 0.3515625 0.4765625 0.15625 0.0859375
0 0.3359375 0.4140625 0.1875 0.125
0 0.3359375 0.734375 0.1640625 0.1171875
0 0.3359375 0.6484375 0.1796875 0.0546875
0 0.34375 0.6015625 0.15625 0.0625
0 0.3671875 0.5859375 0.109375 0.09375
0 0.5 0.8203125 0.1484375 0.1328125
0 0.6484375 0.7890625 0.09375 0.109375
0 0.515625 0.7265625 0.171875 0.0859375
0 0.703125 0.734375 0.15625 0.109375
0 0.5234375 0.625 0.171875 0.0859375
0 0.703125 0.640625 0.171875 0.09375
0 0.5 0.5234375 0.1484375 0.09375
0 0.5234375 0.4765625 0.171875 0.09375
0 0.703125 0.484375 0.171875 0.0859375
0 0.53125 0.3671875 0.1640625 0.109375
0 0.6015625 0.328125 0.0546875 0.0625
0 0.7265625 0.3359375 0.1796875 0.125