0 0.34375 0.390625 0.140625 0.125
0 0.3515625 0.515625 0.15625 0.1015625
0 0.3671875 0.671875 0.140625 0.125
0 0.359375 0.78125 0.1328125 0.109375
0 0.5234375 0.8125 0.15625 0.1171875
0 0.46875 0.78125 0.078125 0.0703125
0 0.6875 0.8203125 0.1015625 0.1171875
0 0.7109375 0.6640625 0.09375 0.125
0 0.546875 0.734375 0.171875 0.09375
0 0.6875 0.640625 0.0703125 0.0703125
0 0.4921875 0.296875 0.1640625 0.1171875
0 0.671875 0.3046875 0.078125 0.1015625
0 0.6953125 0.3828125 0.109375 0.0625
0 0.6875 0.5234375 0.125 0.09375
0 0.6875 0.4921875 0.125 0.078125
0 0.5546875 0.6484375 0.171875 0.078125
0 0.609375 0.6015625 0.078125 0.0859375
0 0.515625 0.46875 0.140625 0.0703125
0 0.5546875 0.5546875 0.140625 0.15625
0 0.5390625 0.3828125 0.1796875 0.09375