0 0.3515625 0.4453125 0.09375 0.0859375
0 0.40625 0.421875 0.0390625 0.0859375
0 0.4453125 0.3828125 0.0703125 0.0859375
0 0.453125 0.46875 0.0625 0.0703125
0 0.3671875 0.5546875 0.078125 0.078125
0 0.40625 0.578125 0.0390625 0.046875
0 0.46875 0.59375 0.0859375 0.0859375
0 0.359375 0.6796875 0.078125 0.078125
0 0.359375 0.6484375 0.078125 0.09375
0 0.453125 0.7265625 0.1015625 0.078125
0 0.4375 0.7265625 0.0703125 0.09375
0 0.453125 0.8125 0.078125 0.09375
0 0.3671875 0.8515625 0.09375 0.0390625
0 0.359375 0.8125 0.09375 0.0546875
0 0.5390625 0.796875 0.078125 0.09375
0 0.625 0.8359375 0.09375 0.078125
0 0.6171875 0.828125 0.078125 0.0703125
0 0.546875 0.65625 0.0703125 0.1015625
0 0.5703125 0.6875 0.03125 0.0390625
0 0.6328125 0.7421875 0.1015625 0.109375
0 0.546875 0.5390625 0.0625 0.0859375
0 0.640625 0.5703125 0.109375 0.0703125
0 0.59375 0.5625 0.0390625 0.0234375
0 0.6171875 0.609375 0.078125 0.0859375
0 0.625 0.4921875 0.0859375 0.0859375
0 0.5546875 0.4140625 0.0859375 0.109375