0 0.6484375 0.4765625 0.1015625 0.1171875
0 0.65625 0.4453125 0.1328125 0.0625
0 0.6953125 0.3984375 0.1875 0.078125
0 0.5078125 0.359375 0.15625 0.1640625
0 0.5 0.484375 0.171875 0.0859375
0 0.359375 0.421875 0.1171875 0.078125
0 0.3515625 0.5390625 0.15625 0.1328125
0 0.5078125 0.578125 0.1484375 0.140625
0 0.65625 0.6796875 0.171875 0.1015625
0 0.6328125 0.6171875 0.1171875 0.078125
0 0.328125 0.8125 0.15625 0.15625
0 0.328125 0.71875 0.140625 0.1015625
0 0.3515625 0.671875 0.0859375 0.1015625
0 0.53125 0.6796875 0.078125 0.0625
0 0.5 0.8203125 0.15625 0.109375
0 0.484375 0.75 0.15625 0.0859375
0 0.6484375 0.7578125 0.15625 0.0859375
0 0.65625 0.8359375 0.171875 0.09375
0 0.59375 0.859375 0.046875 0.0390625
0 0.4921875 0.90625 0.171875 0.09375