0 0.3671875 0.4453125 0.0859375 0.1015625
0 0.453125 0.4765625 0.0859375 0.09375
0 0.53125 0.484375 0.0859375 0.078125
0 0.546875 0.484375 0.0625 0.0625
0 0.6171875 0.484375 0.078125 0.09375
0 0.3671875 0.640625 0.0546875 0.03125
0 0.34375 0.59375 0.078125 0.0703125
0 0.3671875 0.578125 0.0703125 0.09375
0 0.4453125 0.6171875 0.078125 0.078125
0 0.5234375 0.59375 0.09375 0.1015625
0 0.546875 0.625 0.0546875 0.046875
0 0.625 0.6328125 0.1015625 0.109375
0 0.625 0.6171875 0.1015625 0.0859375
0 0.3515625 0.7578125 0.1015625 0.0703125
0 0.3671875 0.7578125 0.0625 0.0625
0 0.359375 0.734375 0.0703125 0.0703125
0 0.4453125 0.765625 0.0859375 0.0703125
0 0.4453125 0.7265625 0.0859375 0.078125
0 0.5234375 0.7421875 0.0859375 0.09375
0 0.6171875 0.75 0.09375 0.0859375
0 0.609375 0.7890625 0.0625 0.0859375
0 0.5859375 0.75 0.0546875 0.0546875
0 0.6171875 0.875 0.078125 0.078125
0 0.359375 0.8984375 0.1015625 0.0859375
0 0.359375 0.8515625 0.09375 0.0625
0 0.453125 0.8671875 0.09375 0.1015625
0 0.53125 0.8671875 0.0546875 0.0703125
0 0.5546875 0.890625 0.0546875 0.0703125