0 0.65625 0.8984375 0.109375 0.09375
0 0.546875 0.828125 0.0859375 0.09375
0 0.359375 0.8515625 0.1015625 0.0859375
0 0.3828125 0.7109375 0.0859375 0.09375
0 0.3515625 0.7421875 0.0859375 0.0703125
0 0.453125 0.75 0.0703125 0.078125
0 0.4609375 0.8359375 0.1015625 0.0703125
0 0.4375 0.828125 0.0546875 0.0703125
0 0.5390625 0.734375 0.0859375 0.078125
0 0.5859375 0.7421875 0.0390625 0.0546875
0 0.6484375 0.71875 0.1015625 0.0859375
0 0.4765625 0.640625 0.1015625 0.0859375
0 0.4609375 0.625 0.0703125 0.078125
0 0.375 0.6015625 0.1015625 0.0859375
0 0.375 0.4609375 0.078125 0.0859375
0 0.3984375 0.484375 0.0546875 0.078125
0 0.46875 0.484375 0.0859375 0.09375
0 0.5390625 0.4609375 0.1015625 0.0859375
0 0.6484375 0.5 0.109375 0.09375
0 0.6328125 0.46875 0.078125 0.078125
0 0.640625 0.625 0.109375 0.0703125
0 0.5390625 0.5625 0.09375 0.109375
0 0.5625 0.5625 0.0625 0.109375