0 0.3203125 0.4140625 0.1796875 0.1328125
0 0.3515625 0.390625 0.1171875 0.109375
0 0.2890625 0.546875 0.1875 0.1171875
0 0.46875 0.5703125 0.171875 0.125
0 0.3046875 0.6875 0.1875 0.1328125
0 0.2890625 0.8203125 0.1875 0.125
0 0.3125 0.8984375 0.15625 0.109375
0 0.4765625 0.9296875 0.171875 0.140625
0 0.421875 0.890625 0.0546875 0.0703125
0 0.6953125 0.8359375 0.203125 0.1328125
0 0.5 0.84375 0.1875 0.1015625
0 0.5234375 0.84375 0.140625 0.09375
0 0.6484375 0.8515625 0.0859375 0.0625
0 0.53125 0.734375 0.1640625 0.125
0 0.546875 0.5 0.1171875 0.1171875
0 0.703125 0.6484375 0.1953125 0.140625
0 0.6328125 0.6796875 0.0546875 0.0546875
0 0.7109375 0.5234375 0.203125 0.1171875
0 0.6640625 0.515625 0.1015625 0.09375
0 0.7265625 0.3984375 0.2265625 0.125
0 0.6328125 0.3828125 0.046875 0.0546875
0 0.515625 0.3984375 0.203125 0.09375
0 0.53125 0.359375 0.171875 0.1171875
0 0.4921875 0.296875 0.1640625 0.1484375