0 0.453125 0.625 0.1015625 0.1015625
0 0.328125 0.8046875 0.125 0.1328125
0 0.328125 0.8515625 0.125 0.0703125
0 0.359375 0.7265625 0.078125 0.046875
0 0.34375 0.6484375 0.1171875 0.140625
0 0.34375 0.5234375 0.109375 0.1328125
0 0.3515625 0.4140625 0.1171875 0.1171875
0 0.375 0.3984375 0.0859375 0.1484375
0 0.4609375 0.8671875 0.140625 0.09375
0 0.4921875 0.8203125 0.1328125 0.1015625
0 0.6328125 0.8984375 0.140625 0.09375
0 0.59375 0.8671875 0.0625 0.046875
0 0.6171875 0.921875 0.078125 0.078125
0 0.453125 0.7265625 0.1015625 0.078125
0 0.640625 0.6953125 0.1328125 0.109375
0 0.609375 0.71875 0.0703125 0.046875
0 0.5078125 0.6640625 0.125 0.1328125
0 0.640625 0.578125 0.1484375 0.0859375
0 0.4765625 0.5078125 0.1484375 0.109375
0 0.4921875 0.4296875 0.1328125 0.0859375
0 0.625 0.453125 0.1328125 0.1015625
0 0.6171875 0.4921875 0.109375 0.0546875
0 0.578125 0.4453125 0.0390625 0.0390625