0 0.375 0.8359375 0.1015625 0.0703125
0 0.421875 0.8515625 0.0390625 0.0546875
0 0.4765625 0.8515625 0.0859375 0.0703125
0 0.546875 0.84375 0.09375 0.0703125
0 0.6484375 0.84375 0.109375 0.0859375
0 0.375 0.7265625 0.09375 0.0703125
0 0.4609375 0.7578125 0.0625 0.109375
0 0.484375 0.7265625 0.078125 0.0703125
0 0.5703125 0.75 0.0859375 0.078125
0 0.5625 0.6953125 0.0546875 0.046875
0 0.65625 0.6484375 0.0859375 0.125
0 0.390625 0.5625 0.09375 0.0859375
0 0.3828125 0.484375 0.09375 0.0703125
0 0.46875 0.5625 0.0546875 0.0703125
0 0.5546875 0.5703125 0.0859375 0.0859375
0 0.6015625 0.59375 0.0234375 0.03125
0 0.6640625 0.5625 0.09375 0.0859375
0 0.4609375 0.453125 0.0703125 0.1015625
0 0.453125 0.4453125 0.0390625 0.109375
0 0.546875 0.4609375 0.0859375 0.0859375
0 0.625 0.4375 0.09375 0.0859375
0 0.6015625 0.453125 0.03125 0.046875