0 0.296875 0.359375 0.1875 0.1640625
0 0.296875 0.53125 0.1953125 0.1640625
0 0.375 0.5 0.046875 0.0703125
0 0.2734375 0.6953125 0.2265625 0.1328125
0 0.296875 0.8515625 0.1640625 0.15625
0 0.3203125 0.859375 0.125 0.15625
0 0.703125 0.84375 0.21875 0.1484375
0 0.4765625 0.859375 0.1875 0.15625
0 0.5078125 0.7109375 0.1640625 0.15625
0 0.5859375 0.6640625 0.046875 0.0703125
0 0.703125 0.6875 0.2109375 0.140625
0 0.5078125 0.5078125 0.1640625 0.140625
0 0.546875 0.5703125 0.1171875 0.1953125
0 0.6875 0.5703125 0.1796875 0.203125
0 0.515625 0.3828125 0.1796875 0.125
0 0.4296875 0.3359375 0.1015625 0.1328125
0 0.578125 0.390625 0.0703125 0.1328125
0 0.7109375 0.2734375 0.21875 0.171875
0 0.3359375 0.265625 0.1015625 0.0546875