0 0.296875 0.328125 0.2265625 0.125
0 0.2890625 0.4609375 0.2109375 0.125
0 0.2734375 0.5703125 0.2421875 0.140625
0 0.296875 0.71875 0.1875 0.1484375
0 0.3828125 0.28125 0.0625 0.0859375
0 0.4921875 0.7734375 0.25 0.1015625
0 0.53125 0.8828125 0.203125 0.1640625
0 0.5 0.703125 0.21875 0.1875
0 0.7265625 0.796875 0.2109375 0.140625
0 0.7578125 0.5859375 0.2578125 0.1640625
0 0.53125 0.5703125 0.1953125 0.15625
0 0.4921875 0.4609375 0.234375 0.125
0 0.4609375 0.3671875 0.1171875 0.0625
0 0.7109375 0.421875 0.2109375 0.1171875
0 0.53125 0.265625 0.21875 0.140625
0 0.5625 0.21875 0.140625 0.1796875
0 0.75 0.2578125 0.2265625 0.140625
0 0.640625 0.3828125 0.0625 0.1875