0 0.3046875 0.4375 0.1796875 0.15625
0 0.3125 0.3671875 0.15625 0.125
0 0.328125 0.640625 0.171875 0.109375
0 0.296875 0.8671875 0.15625 0.078125
0 0.296875 0.8046875 0.1640625 0.0703125
0 0.46875 0.8203125 0.1328125 0.09375
0 0.484375 0.734375 0.203125 0.1328125
0 0.625 0.8828125 0.0703125 0.1640625
0 0.6875 0.859375 0.1640625 0.1484375
0 0.703125 0.796875 0.1796875 0.09375
0 0.671875 0.671875 0.15625 0.09375
0 0.6875 0.640625 0.1875 0.09375
0 0.5 0.6015625 0.1796875 0.140625
0 0.484375 0.4609375 0.1953125 0.125
0 0.640625 0.5234375 0.1015625 0.09375
0 0.671875 0.4765625 0.1640625 0.09375
0 0.5078125 0.296875 0.171875 0.1640625
0 0.5234375 0.34375 0.1328125 0.109375
0 0.6796875 0.40625 0.15625 0.15625
0 0.703125 0.296875 0.1875 0.125
0 0.4765625 0.265625 0.15625 0.171875