0 0.3359375 0.5625 0.140625 0.078125
0 0.328125 0.4921875 0.140625 0.09375
0 0.3125 0.4921875 0.1796875 0.109375
0 0.296875 0.6484375 0.1796875 0.1015625
0 0.3203125 0.796875 0.171875 0.125
0 0.3359375 0.765625 0.140625 0.140625
0 0.4609375 0.71875 0.15625 0.109375
0 0.4921875 0.8203125 0.15625 0.0859375
0 0.4921875 0.90625 0.1796875 0.1171875
0 0.53125 0.875 0.140625 0.1015625
0 0.6875 0.828125 0.1953125 0.09375
0 0.5078125 0.6640625 0.1484375 0.1171875
0 0.671875 0.71875 0.1484375 0.109375
0 0.6796875 0.671875 0.171875 0.1015625
0 0.6328125 0.703125 0.1015625 0.0859375
0 0.484375 0.5234375 0.1796875 0.125
0 0.5234375 0.546875 0.1328125 0.09375
0 0.6875 0.5078125 0.203125 0.125
0 0.3203125 0.3125 0.15625 0.1796875
0 0.390625 0.359375 0.0390625 0.0546875
0 0.5 0.34375 0.1640625 0.1640625
0 0.6796875 0.3359375 0.1875 0.140625