0 0.3046875 0.71875 0.21875 0.203125
0 0.3046875 0.59375 0.1875 0.171875
0 0.3125 0.4453125 0.1796875 0.1875
0 0.3203125 0.2734375 0.15625 0.2109375
0 0.3125 0.3359375 0.1875 0.1171875
0 0.46875 0.890625 0.1640625 0.1171875
0 0.5234375 0.8359375 0.2265625 0.125
0 0.71875 0.78125 0.1953125 0.140625
0 0.5078125 0.625 0.21875 0.09375
0 0.53125 0.6796875 0.15625 0.1015625
0 0.5234375 0.5625 0.234375 0.1015625
0 0.5 0.5 0.203125 0.1171875
0 0.71875 0.5859375 0.1953125 0.1875
0 0.546875 0.4921875 0.140625 0.078125
0 0.7109375 0.421875 0.1953125 0.15625
0 0.5234375 0.3828125 0.234375 0.1015625
0 0.4765625 0.2890625 0.203125 0.0859375
0 0.7109375 0.3046875 0.2109375 0.1328125