0 0.328125 0.34375 0.15625 0.140625
0 0.375 0.328125 0.078125 0.1328125
0 0.34375 0.46875 0.1328125 0.1484375
0 0.359375 0.6015625 0.109375 0.15625
0 0.390625 0.5078125 0.046875 0.046875
0 0.359375 0.6171875 0.09375 0.1171875
0 0.359375 0.765625 0.125 0.1640625
0 0.421875 0.7734375 0.0390625 0.1171875
0 0.4375 0.6796875 0.0625 0.078125
0 0.4609375 0.5 0.0859375 0.1015625
0 0.46875 0.3125 0.109375 0.2265625
0 0.5234375 0.4609375 0.1015625 0.109375
0 0.5390625 0.3359375 0.1328125 0.171875
0 0.6953125 0.3203125 0.1328125 0.1640625
0 0.640625 0.4453125 0.0703125 0.203125
0 0.6953125 0.4453125 0.1171875 0.1640625
0 0.5390625 0.5703125 0.15625 0.125
0 0.5390625 0.6796875 0.1640625 0.109375
0 0.59375 0.6640625 0.0625 0.0703125
0 0.6875 0.609375 0.1171875 0.1640625
0 0.53125 0.828125 0.140625 0.1171875
0 0.5234375 0.828125 0.1640625 0.1328125
0 0.6875 0.7578125 0.15625 0.1875
0 0.6484375 0.7734375 0.078125 0.1484375