0 0.3515625 0.8515625 0.140625 0.078125
0 0.3046875 0.7890625 0.234375 0.1015625
0 0.3125 0.609375 0.2421875 0.1328125
0 0.3203125 0.46875 0.1875 0.140625
0 0.3125 0.328125 0.234375 0.1171875
0 0.3671875 0.2734375 0.15625 0.1328125
0 0.5 0.6875 0.2265625 0.09375
0 0.5390625 0.6328125 0.1875 0.1171875
0 0.5234375 0.515625 0.234375 0.1015625
0 0.546875 0.3828125 0.2265625 0.1015625
0 0.546875 0.28125 0.2265625 0.1015625
0 0.5390625 0.7734375 0.1875 0.078125
0 0.53125 0.875 0.234375 0.125
0 0.6875 0.796875 0.0859375 0.0859375
0 0.7421875 0.703125 0.1953125 0.21875
0 0.7265625 0.59375 0.171875 0.1484375
0 0.75 0.4921875 0.21875 0.109375
0 0.734375 0.453125 0.2109375 0.140625
0 0.734375 0.265625 0.1484375 0.2265625