0 0.3125 0.75 0.1484375 0.140625
0 0.3671875 0.8515625 0.1015625 0.1484375
0 0.296875 0.5859375 0.2109375 0.15625
0 0.359375 0.59375 0.078125 0.09375
0 0.3046875 0.4453125 0.1953125 0.140625
0 0.34375 0.3203125 0.1328125 0.0859375
0 0.3125 0.2734375 0.203125 0.125
0 0.5 0.7890625 0.203125 0.09375
0 0.71875 0.796875 0.203125 0.1328125
0 0.671875 0.859375 0.09375 0.09375
0 0.4765625 0.8359375 0.09375 0.0703125
0 0.5 0.7109375 0.15625 0.1015625
0 0.4921875 0.5859375 0.1875 0.140625
0 0.5234375 0.578125 0.15625 0.140625
0 0.7109375 0.640625 0.203125 0.125
0 0.734375 0.5 0.1875 0.1328125
0 0.6953125 0.3828125 0.1484375 0.1015625
0 0.7109375 0.25 0.1796875 0.140625
0 0.515625 0.2890625 0.2109375 0.15625
0 0.59375 0.3046875 0.0546875 0.109375
0 0.5546875 0.46875 0.1640625 0.0859375
0 0.53125 0.421875 0.1953125 0.125